54	0.112922
61	1.48597
73	0.662738
93	0.210766
100	0.887193
113	1.19732
119	0.285939
131	3.81155
132	1.70128
134	0.778694
149	2.83505
167	4.51381
173	1.51481
179	1.68785
184	2.61263
189	0.111801
192	0.13369
201	0.84981
203	2.23402
210	1.14792
296	0.15788
330	0.384156
353	0.071905
374	1.57428
385	2.0506
404	0.348021
406	0.474212
419	0.541203
424	2.65478
457	0.154763
471	1.42772
476	0.702772
514	0.407436
524	0.402619
537	1.35778
552	0.904817
556	0.986875
561	1.59409
565	0.483706
575	1.74087
597	2.58693
617	0.59726
636	1.67225
644	1.89865
674	9.40586
696	0.727061
701	1.81495
712	1.32545
735	0.657707
745	1.12789
754	0.0589028
786	4.42824
815	1.74664
820	0.757585
828	1.15749
858	0.297648
866	0.238086
886	0.865972
957	0.297127
958	0.141729
995	0.0535358
998	0.312823
1007	0.756795
1017	1.13233
1022	1.38683
1025	2.85616
1026	1.61674
1033	1.37319
1034	1.53281
1044	0.354486
1050	1.18283
1053	1.51881
1061	0.359108
1063	0.251968
1083	0.71096
1109	0.15544
1115	1.15638
1117	1.54478
1123	0.950948
1127	0.550829
1138	0.449103
1151	2.41923
1182	0.0493335
1194	0.00589762
1216	0.423515
1250	1.07276
1271	0.914544
1276	1.00875
1301	2.04473
1304	0.362567
1310	0.0167522
1326	0.784721
1343	0.00539155
1371	0.841934
1379	1.2555
1430	0.154781
1451	0.970233
1503	0.000198391
1509	1.85522
1550	0.395976
1579	3.51737
1587	0.691862
1629	1.26541
1642	0.723587
1658	0.467062
1669	1.46508
1676	0.555623
1695	5.59456
1711	0.56751
1763	0.195396
1775	0.370804
1797	5.88707
1815	1.07863
1835	1.59019
1843	4.1919
1862	0.07544
1904	0.529479
1940	0.179532
1952	0.385952
1956	1.15213
1962	0.0514654
1969	0.567811
2029	1.01446
2031	0.357015
2034	2.53099
2049	1.14983
2057	1.26492
2070	0.0322713
2112	0.162637
2135	1.20819
2169	0.521404
2182	0.0810479
2225	0.857417
2238	0.00816918
2258	3.9291
2269	0.555816
2289	0.160058
2311	2.79861
2324	0.642689
2347	0.399273
2354	0.289702
2362	1.12588
2390	0.858277
2414	0.407951
2415	1.94458
2427	1.71442
2433	0.972383
2434	1.48826
2453	0.786836
2464	0.5523
2541	1.91273
2548	0.734227
2617	0.475155
2640	1.16274
2676	1.01132
2686	0.370535
2712	0.011931
2797	0.86725
2838	0.41715
2882	0.164527
2933	0.510379
3017	1.94218
3041	1.46957
3083	1.09116
3149	0.755945
3153	0.500977
3168	0.0253248
3204	1.84491
3205	0.356804
3268	2.15962
3282	0.0558208
3331	0.130788
3402	1.39503
3423	1.97771
3451	0.201575
3464	0.819143
3530	0.522699
3564	0.6895
3598	0.117979
3659	0.0709427
3662	1.00002
3692	3.74859
3704	0.645225
3705	0.511694
3714	0.457878
3791	2.86416
3800	1.01194
3844	0.697556
3882	0.370175
3949	0.561978
3951	0.512554
3999	1.05941
4006	0.242873
4060	0.114958
4084	0.192421
4093	0.513055
4096	0.947851
4203	0.202761
4289	0.0967109
4342	1.0422
4423	0.371094
4477	0.35193
4484	0.43641
4504	0.279337
4574	0.599109
4599	1.10086
4605	1.2814
4622	0.208533
4674	1.4082
4721	3.47645
4821	0.443652
4828	1.83287
4861	1.59908
4939	0.368312
4959	0.687482
4971	0.126689
5097	0.377185
5100	1.36816
5239	1.50088
5243	0.368427
5261	2.76059
5266	1.57936
5277	0.573259
5292	0.778947
5356	1
5379	0.953013
5383	0.338185
5518	0.629557
5525	0.0781193
5610	0.25629
5620	0.330612
5641	1.00001
5673	0.454537
5814	0.578723
5821	1.06801
5826	1.01736
5879	0.183317
5971	0.0583255
6011	1.11708
6096	3.34095
6146	0.489411
6303	0.683136
6310	1.62369
6578	1.55595
6634	0.222937
6672	0.0874856
6704	0.698194
6772	1.38789
6785	0.195922
6786	0.782291
6793	0.802391
6818	0.182596
6887	1.28054
6916	0.715967
6958	1.88496
7066	0.375782
7079	0.873755
7183	0.847505
7214	1.6473
7245	0.207479
7419	1.62018
7539	1.36168
7549	1.46984
7568	0.0420946
7591	0.481291
7601	0.331389
7606	1.73105
7684	0.000154464
7723	0.303487
7762	0.563906
7907	0.373587
7909	0.376289
8002	0.0669861
8033	1.84123
8042	0.616711
8119	0.486948
8142	0.549507
8148	0.31947
8229	0.174548
8376	0.105908
8378	5.62677
8467	0.0260947
8566	0.0398751
8590	0.857049
8704	1
8812	2.3257
8840	1.18195
9158	0.0486191
9354	1.48811
9360	0.778703
9373	1
9424	1.14879
9433	1.66904
9718	0.24048
9772	0.438601
10011	1.96867
10095	0.0623224
10117	0.178607
10188	0.791184
10442	0.00526359
10722	1.26997
11228	0.915971
11277	0.80905
11293	1.09665
11333	1.06303
11740	0.142924
11798	0.61021
12475	1.57467
12595	0.937156
12599	0.764261
12758	0.0866566
12764	1.87486
12824	0.04512
12878	1.47337
12907	0.197675
12939	0.0884776
13029	0.524512
13050	0.131852
13160	0.293083
13176	1.47172
13203	0.262246
13512	0.400584
13527	0.908039
13695	0.915579
13764	0.290932
13896	0.04121
14088	1.00179
14198	0.165712
14708	1.11215
14967	0.19017
14970	0.318013
15027	4.1602
15054	1.21495
15107	1.24125
15534	0.757141
15922	1.41037
16030	1.31916
16182	0.0666015
16274	1.07171
16478	0.00227344
16518	0.657976
16599	1.46294
16624	1.38783
16644	1.32801
16672	0.449705
16859	0.28543
16946	2.46211
16989	0.167476
17116	0.832323
17164	1.33599
17186	0.433294
17274	0.348617
17634	0.7441
17668	0.415442
17694	1.39418
17823	0.106213
18073	0.648234
18529	0.462383
18615	1.70095
18720	0.454548
18738	1.94658
18802	0.378937
18820	0.321651
19013	0.422984
19385	1.07974
19398	1.25704
19401	0.0679679
19408	1
19508	1.38375
19546	1.66773
19760	0.579444
19958	1.19819
19989	0.123231
20051	0.0377982
20172	0.323071
20293	1.56088
20478	0.127093
20555	0.732254
20680	0.281072
20773	0.0340005
20786	0.325113
20813	0.441766
42125	1
42126	1
43894	1
44202	1
44284	1
