1	0.151798
6	0.0730839
38	0.142018
59	0.136229
61	0.0252376
70	0.115419
76	0.204856
79	0.231701
94	0.0577722
98	0.077868
102	0.0408661
108	0.0910301
109	0.0652234
121	0.0680548
129	0.145149
134	0.0832583
136	0.0530452
143	0.163238
144	0.0217423
155	0.0263292
162	0.0278768
174	0.176039
183	0.0167149
184	0.141152
204	0.0274233
212	0.10035
218	0.125199
219	0.0634494
223	0.215487
235	0.148164
238	0.163206
242	0.0686882
244	0.133232
246	0.0842825
253	0.00943855
264	0.0172876
267	1
268	1
277	0.0843826
292	0.0653369
299	0.113986
313	0.181308
320	0.0337425
322	0.0912073
336	0.0131326
352	0.126441
360	0.124717
362	0.0662441
374	0.00620313
378	0.0395737
381	0.223902
384	0.10852
389	0.154746
390	0.088647
403	0.0788979
407	0.0419929
422	0.0695811
423	0.0717397
425	0.0375481
429	0.0255512
447	0.104507
448	0.0974913
484	0.160043
488	0.0198101
494	0.0863369
519	0.149937
525	0.0490071
533	0.0584245
535	0.126872
547	0.100847
548	0.236841
551	0.0650882
559	0.19714
561	0.0584245
573	0.0790082
595	0.00904518
596	0.00347667
611	0.00584992
612	0.00584992
622	0.0457494
628	0.0723112
629	0.173499
631	0.157912
646	0.0891877
651	0.147098
652	0.146084
659	0.0479855
661	0.0152802
666	0.16983
676	0.0241833
679	0.0365346
681	0.00669814
684	0.121247
704	0.17773
712	0.0114374
718	0.127192
725	0.0104916
730	0.123489
742	0.0783549
745	0.0894639
747	0.0320443
749	0.134919
756	0.150991
761	0.0844749
762	0.237241
773	0.126768
775	0.0187342
783	0.121576
785	0.0735895
795	0.159296
798	0.0991422
801	0.132659
821	0.258384
856	0.105312
857	0.126627
862	0.127216
869	0.0154884
895	0.183136
918	0.0784831
919	0.120586
923	0.0745122
926	0.106925
929	0.149059
932	0.109112
937	0.113543
938	0.0891475
939	0.0764305
943	0.0108466
944	0.113717
949	0.151867
953	0.0975232
963	0.0287149
973	0.166166
974	0.121522
995	0.106046
1002	0.101046
1009	0.22747
1014	0.019412
1018	0.0286158
1026	0.0974024
1029	0.00695559
1042	0.031615
1043	0.17382
1045	0.0510613
1052	0.136815
1053	0.139935
1059	0.10786
1064	0.0366962
1067	0.122143
1076	0.0321839
1095	0.136902
1108	0.140034
1109	0.0027753
1117	0.109519
1127	0.0197212
1138	0.0758387
1142	0.159581
1146	0.196122
1150	0.0194873
1159	0.165097
1163	0.0554241
1171	0.0299288
1174	0.180889
1178	0.047295
1180	0.129738
1181	0.181991
1183	0.1
1187	0.0027753
1199	0.0653704
1205	0.0650028
1219	0.150811
1258	0.0800129
1259	0.0337425
1261	0.0303206
1264	0.0599847
1272	0.0376964
1273	0.076051
1277	0.121709
1285	0.0764824
1290	0.145086
1295	0.0905138
1300	0.0027753
1302	0.0544077
1303	0.115068
1317	0.190435
1320	0.182016
1325	0.0519377
1343	0.129681
1360	0.0615533
1361	0.131279
1363	0.0848495
1373	0.0062187
1374	0.139918
1377	0.206753
1385	0.0895206
1391	0.0327731
1401	0.0044488
1431	0.0519837
1437	0.165536
1438	0.0235559
1440	0.0265291
1453	0.0870575
1458	0.0817251
1469	0.106202
1480	0.112949
1493	0.115703
1510	0.129774
1512	0.0122072
1513	0.132475
1525	0.146297
1532	0.106652
1533	0.0517729
1544	0.186268
1547	0.0027753
1568	0.103964
1574	0.176468
1597	0.0812524
1611	0.135833
1615	0.115537
1617	0.1
1626	0.183841
1633	0.0221755
1636	0.0980205
1664	0.158566
1670	0.0511116
1678	0.0199992
1695	0.179827
1698	0.116742
1701	0.190317
1708	0.0275485
1711	0.138939
1717	0.204065
1733	0.172815
1749	0.0962567
1751	0.00460594
1752	0.0291813
1753	0.103556
1762	0.0835667
1783	0.102923
1784	0.11312
1795	0.104048
1805	0.129841
1814	0.0188153
1817	0.0757758
1833	0.210039
1834	0.07559
1845	0.0325288
1846	0.1
1854	0.0554711
1857	0.136144
1862	0.100513
1865	0.0332944
1888	0.139923
1894	0.0922037
1903	0.109789
1904	0.173942
1906	0.40686
1907	0.151698
1923	0.0562993
1924	0.0387883
1928	0.0562993
1940	0.0139733
1945	0.145467
1948	0.0836758
1970	0.0790082
1972	0.177408
1973	0.207913
1994	0.129843
1998	0.0173272
2005	0.109919
2009	0.0639574
2012	0.0045733
2020	0.105804
2022	0.0309417
2026	0.135573
2036	1
2037	0.154271
2046	0.00825676
2065	0.0437506
2067	0.156395
2087	0.16409
2103	0.0710467
2106	0.0465983
2128	0.0457866
2140	0.104177
2152	0.209166
2153	0.002028
2160	0.129965
2168	0.209798
2179	0.133773
2190	0.0790082
2193	0.090853
2202	0.121839
2211	0.201075
2214	0.160112
2220	0.0262131
2225	0.224925
2229	0.0528217
2232	0.094795
2234	0.130071
2237	0.125704
2270	0.263737
2271	0.140399
2280	0.102402
2281	0.0168265
2285	0.190061
2286	0.104643
2289	0.0126668
2290	0.0070398
2293	0.180337
2294	0.139445
2298	0.109315
2308	0.0172459
2310	0.119197
2315	0.0540438
2316	0.0540438
2317	0.100975
2320	0.0190204
2327	0.182383
2343	0.0182192
2344	1
2358	0.0585908
2374	0.0899033
2375	0.0899033
2377	0.0131761
2384	0.125688
2388	0.212407
2402	0.183696
2417	0.0868318
2422	0.165571
2426	1
2438	0.0512005
2449	0.0501043
2491	0.031512
2492	0.00166412
2509	0.0495352
2514	0.159501
2529	0.0579156
2548	0.123714
2553	0.00933206
2565	0.0917856
2571	0.130067
2578	0.203159
2582	0.0337425
2585	0.164782
2589	0.00469281
2599	0.00190051
2609	0.0958571
2616	0.15181
2620	0.11011
2627	0.0265929
2635	0.0916858
2637	0.0957075
2676	0.0857973
2682	0.0722947
2695	0.173408
2703	0.0795872
2710	0.230016
2711	0.106486
2725	0.0746335
2742	0.138119
2758	0.0532364
2765	0.181774
2777	0.130324
2789	0.0727153
2798	0.0198577
2830	0.117517
2833	0.00746949
2834	0.171901
2843	0.0971093
2869	0.1033
2877	0.0983628
2878	0.0541865
2889	0.102558
2898	0.124666
2902	0.147337
2910	0.100349
2952	0.104972
2980	0.0368324
2987	0.0430213
2992	0.0630901
