([1.2910226583480835, 0.0, -0.054554928094148636, 0.0, 0.0, 1.5302528142929077, 0.10199475288391113, 0.0, 0.0, 0.0, -0.00023123258142732084, 0.0, 0.0, 0.0, 0.0, 0.0], -0.11813511699438095)
([-2.2415223121643066, 0.0, -1.6299874782562256, 0.0, 0.11237942427396774, 0.0, 0.0, 0.0, 0.0, -0.9477188587188721, -0.1025489941239357, 0.0, 0.0, 0.0, 0.0, 0.0], -1.948134422302246)
([0.0, 0.0, 1.0904359817504883, -0.47152015566825867, 0.0, 0.0, 1.0165709257125854, -0.8259887099266052, 0.0, 0.0, 0.0, 0.0, 0.0, 0.0, 0.0, -0.3502826690673828], -0.2025267332792282)
([0.0, 1.905329704284668, 0.0, 0.0, 0.0, 0.0, 0.6787886023521423, 0.0, 1.5957021713256836, 0.0, 0.0, 0.0, -1.834216594696045, 0.0, 0.0, 0.28156450390815735], 0.10965020954608917)
([0.0, 0.0, 0.0, 0.0, 0.0, 2.0923707485198975, 0.18247643113136292, 0.0, 0.0, 0.0, -0.24143189191818237, 0.0, 0.0, 0.0, 0.10255824774503708, 0.12140064686536789], -0.4987007677555084)
([0.22935107350349426, 0.0, 0.0, 0.23602613806724548, 0.5771246552467346, 0.0, 0.0, -0.6229013204574585, 0.0, 0.0, 0.0, 0.0, 0.0, 0.0, 0.0, 0.9949938058853149], 0.0021954819094389677)
([0.0, 0.0, 0.0, 0.0, 0.0, 0.0, 0.0, 0.0, 0.0, -0.31472328305244446, 0.6439542174339294, 0.9927131533622742, -0.021740006282925606, 0.0, -0.09302939474582672, 0.0], 0.8236198425292969)
([0.0, -0.8787063956260681, 0.5161496996879578, -0.12470641732215881, -1.080080270767212, 0.0, 0.0, 0.0, 0.0, 0.0, 0.0, 0.0, 0.0, 0.0, 0.0, -0.31453558802604675], 1.0086454153060913)
([0.0, 0.0, 0.05452033877372742, -0.631759762763977, 0.0, 0.0, 0.0, 0.0, 0.0, 0.0, 0.0, 0.0, -0.7958826422691345, 0.4218800961971283, -2.674173355102539, 0.0], -0.6116681098937988)
([0.0, 0.977201521396637, 1.3927537202835083, 0.0, 0.0, -0.5260784029960632, 0.0, 0.4300374388694763, 0.0, 0.0, 0.0, 0.0, 0.0, 0.0, 0.0, 0.9650980830192566], -0.09783844649791718)
([0.0, 1.6439381837844849, 0.0, 0.37493085861206055, -1.4668601751327515, 0.0, 0.0, -0.045657891780138016, 0.0, 0.0, 0.0, 0.0, 0.0, 0.0, 0.0, -1.1453590393066406], -1.5954283475875854)
([1.0872373580932617, -2.0576374530792236, -0.6755056381225586, -0.42755988240242004, 0.0, 0.0, 0.0, 0.0, 0.0, 0.0, 0.0, 0.0, 0.0, 0.0, 0.0, 0.8115493059158325], 0.3166249692440033)
([0.42698806524276733, 0.34496116638183594, -1.553792953491211, 0.0, 1.7567400932312012, 0.0, 0.9486660361289978, 0.0, 0.0, 0.0, 0.0, 0.0, 0.0, 0.0, 0.0, 0.0], 0.5057165026664734)
([0.0, -0.09839370101690292, 0.0, 0.0, 0.0, 0.009916837327182293, 0.0, 0.0, -0.38117891550064087, 0.0, 0.0, -1.2248332500457764, 0.0, 0.0, 0.0, -0.9425074458122253], 0.4216857850551605)
([-0.6025397777557373, -0.9126760959625244, 0.0, 0.0, 0.0, 0.0, 2.4963226318359375, 0.0, 0.0, -0.6287669539451599, 0.0, 0.0, 0.0, 0.0, 0.0, 0.7213830947875977], -0.853742241859436)
([0.9789934158325195, 0.0, 0.0, 0.0, 0.0, 0.0, 0.19244767725467682, 0.0, 0.753262460231781, -0.1834183633327484, 0.0, 2.8492043018341064, 0.0, 0.0, 0.0, 0.0], 0.1816779226064682)
([0.0, -2.1131906509399414, 0.0, 0.0, -0.06409468501806259, -0.6239715218544006, -1.1545403003692627, 0.0, -0.1750224232673645, 0.0, 0.0, 0.0, 0.0, 0.0, 0.0, 0.0], -0.3682402968406677)
([0.0, 0.0, -1.4098283052444458, 0.0, 0.0, 0.0, 0.0, -0.2609160542488098, 0.0, -1.4479014873504639, 0.0, -1.7207138538360596, 0.0, -0.22689560055732727, 0.0, 0.0], 0.11671437323093414)
([1.276911735534668, 0.0, 0.09499558061361313, 0.0, 0.0, 0.0, 0.0, -0.13729102909564972, 1.7614132165908813, 0.0, 0.0, 0.0, -0.2783777713775635, 0.0, 0.0, 0.0], 2.0973870754241943)
([0.0, 0.0, 0.0, 0.0, 0.0, 0.0, 0.0, 0.0, 0.0, 0.21309307217597961, 0.18267594277858734, 0.32024237513542175, 1.5759941339492798, 0.0, -0.07403195649385452, 0.0], 0.7379797101020813)
([0.0, -2.191945791244507, -2.2001543045043945, 0.0, 0.0, 1.632489562034607, 0.7473703026771545, 0.0, 0.09377078711986542, 0.0, 0.0, 0.0, 0.0, 0.0, 0.0, 0.0], -0.020783117040991783)
([0.0, 0.0, 0.0, 0.0, -0.060962844640016556, 0.0, 0.0, -1.552040934562683, 0.9866167306900024, 0.0, 1.4342093467712402, 0.0, 0.0, 0.0, 0.0, 0.21945969760417938], -1.605299472808838)
([0.0, 0.7503296732902527, 0.23052798211574554, -0.8347290754318237, 1.05208158493042, 1.3238638639450073, 0.0, 0.0, 0.0, 0.0, 0.0, 0.0, 0.0, 0.0, 0.0, 0.0], -1.696704626083374)
([0.0, 0.0, 0.0, 0.0, 0.0, -1.2948116064071655, -0.12525585293769836, 0.35953545570373535, 0.0, 0.0, 0.0, 1.835166096687317, 0.5849065780639648, 0.0, 0.0, 0.0], 1.9889485836029053)
([0.0, -0.6698086261749268, -0.42230430245399475, -0.5634918212890625, 0.0, 0.0, 0.0, 0.0, 0.0, 0.15289202332496643, 0.0, 0.0, -0.20021046698093414, 0.0, 0.0, 0.0], 1.2316168546676636)
([0.6471300721168518, -1.2527471780776978, 0.0, -0.632615327835083, 0.0, -1.2322646379470825, 0.0, 0.0, 0.0, 0.0, 0.0, 0.0, 0.0, 0.0, 0.0, 1.7538917064666748], 0.6256450414657593)
([0.0, 0.0, 0.502587616443634, 0.0, -0.35603421926498413, 0.0, 0.0, 0.048814233392477036, 0.25225284695625305, 0.0, 1.5217618942260742, 0.0, 0.0, 0.0, 0.0, 0.0], -0.6469753384590149)
([0.0, 1.993969202041626, 0.0, -0.06150798499584198, -1.3076099157333374, 0.0, 0.454689085483551, 0.0, 0.0, 0.0, 0.0, 0.0, 0.0, 0.0, 0.0, 0.1358768492937088], -0.3724188804626465)
([-0.4148261845111847, 0.8348116874694824, 0.0, 0.0, 0.0, -0.6658264994621277, 0.0, 0.0, 0.0, 1.2873988151550293, 0.0, 0.0, 0.1219993382692337, 0.0, 0.0, 0.0], 2.1492462158203125)
([0.0, 0.0, 2.377157211303711, -0.8827338814735413, 0.0, 0.0, -1.1266798973083496, 0.0, 0.7070347666740417, 0.0, 0.0, 0.0, 0.0, 0.0, 0.17646649479866028, 0.0], 0.5234565734863281)
([-0.1625485122203827, 0.0, 1.0357551574707031, 0.7420677542686462, 0.0, 0.0, 0.0, -0.8788822293281555, 0.0, 0.0, 0.0, 0.0, 0.0, 0.0, 0.0, 1.3810436725616455], 0.6307346224784851)
([0.0, 1.1301803588867188, 0.7393214702606201, -0.10753580182790756, 0.0, 0.0, 0.6234976649284363, 0.0, 0.0, 0.0, 0.0, 0.0, 0.0, 0.0, 0.0, 0.3945716619491577], -0.5281617045402527)
([0.0, -0.31317687034606934, 1.1334315538406372, 0.0, 1.3374637365341187, 0.0, 0.0, 0.0, 0.0, 0.0, 0.0, 0.0, -0.12858842313289642, 0.0, 0.0, -0.09283667802810669], -1.280360460281372)
([0.682885468006134, 0.0, -0.6295873522758484, 0.0, -1.3940619230270386, 0.0, -1.7766433954238892, 0.0, 0.0, 0.0, 0.0, 0.0, 0.05106883868575096, 0.0, 0.0, 0.0], -0.8448953032493591)
([-0.9308295249938965, 0.0, 0.0, 2.419976234436035, -1.995913028717041, 0.0, -0.39163362979888916, -1.4508808851242065, 0.0, 0.0, 0.0, 0.0, 0.0, 0.0, 0.0, 0.0], 1.030449628829956)
([0.0, -1.2076722383499146, 0.0, 0.0, 0.0, 0.0, 0.945440411567688, 0.0, 0.0, 0.0, 0.0, 0.0, 0.48590612411499023, -0.13091899454593658, 0.0, 0.003622507443651557], -1.1342809200286865)
([0.8229283690452576, -1.0047996044158936, 0.0, 0.0, 0.0, 0.0, 0.0, 0.0, 0.0, 0.0, 0.0, 1.0883829593658447, 0.0, 0.46668750047683716, 0.0, 0.1053457260131836], 0.09067269414663315)
([0.0, -1.0361934900283813, 0.0, 0.0, 0.0, 0.0, 0.0, 0.0, -0.03550596162676811, 0.0, 0.0, 0.0, -1.1220651865005493, 0.0, -0.15511037409305573, 1.1739028692245483], -0.19292230904102325)
([-0.17776142060756683, 0.0, 0.2681537866592407, 0.0, 0.0, 0.0, 0.5899526476860046, 0.2740333676338196, 0.6377773880958557, 0.0, 0.0, 0.0, 0.0, 0.0, 0.0, 0.0], 1.5525063276290894)
([0.15372279286384583, 0.6303955912590027, 0.0, -0.4671763777732849, 0.0, 0.3688661456108093, 0.0, 0.681958794593811, 0.0, 0.0, 0.0, 0.0, 0.0, 0.0, 0.0, 0.0], -1.2827229499816895)
([0.26673582196235657, -0.7504759430885315, 0.0, 0.9354199767112732, 0.0, -1.2303991317749023, 0.0, 0.0, 0.0, 0.0, 0.0, 0.0, 0.0, 0.0, -0.0696195513010025, 0.0], -2.1620264053344727)
([0.0, 0.0, 1.67695951461792, 0.17889158427715302, 0.0, -0.0378282256424427, -1.2627931833267212, 0.0, 0.0, -0.5845109820365906, 0.0, 0.0, 0.0, 0.0, 0.0, 0.0], 1.54349946975708)
([-0.15308327972888947, 0.0, 0.0, 0.0, 0.0, -1.601477026939392, 0.0, 0.0, 0.0, 0.0, 0.0, 0.0, 0.9107999205589294, -0.009633404202759266, 0.5108592510223389, 0.0], -1.435694932937622)
([-1.640647530555725, 0.0, 0.0, 0.0, -1.0240459442138672, 0.0, 0.0, 1.4270893335342407, 1.3228706121444702, 0.0, 0.0, 0.0, 0.0, 0.0, 0.0, 0.6023094654083252], 0.2312651425600052)
([0.0, 0.4220673441886902, 0.0, 0.6442853212356567, 0.3714897930622101, 0.0, 0.0, 0.0, 1.8642531633377075, -0.22824685275554657, 0.0, 0.0, 0.0, 0.0, 0.0, 0.0], 0.8312678337097168)
([0.0, 0.0, -0.039789412170648575, 0.0, 2.110872983932495, 0.0, 0.0, 1.142979383468628, 0.0, 0.0, 0.0, 2.0178592205047607, 0.0, 0.0, 0.0, 0.26222532987594604], 0.3373273015022278)
([0.017929458990693092, 0.17748813331127167, -0.12092448770999908, 0.0, 0.0, 0.0, 0.0, 0.0, 0.0, 1.2664862871170044, 0.0, 0.0, 0.0, 0.0, 0.0, -1.7433514595031738], 1.8442473411560059)
([0.0, -0.5066319108009338, 0.0, 0.0, 0.0, 0.0, 0.0, 0.8872284889221191, 0.0, 0.0, 0.0, 0.0, -0.3744279742240906, 0.08211222290992737, 0.0, -1.8060500621795654], 0.9114463329315186)
([0.2855367958545685, -0.3560695946216583, 0.0, -2.1843249797821045, 0.0, 0.0, 0.0, 0.34179455041885376, 0.05397091805934906, 0.0, 0.0, 0.0, 0.0, 0.0, 0.0, 0.0], -2.061298370361328)
([0.0, 0.0, 0.0, 0.0, -0.4362986981868744, -1.1017346382141113, 0.0, 0.0, -0.11713046580553055, 0.0, 1.2466825246810913, 0.0, 0.0, 0.0, 0.0, -0.23313046991825104], -1.0005916357040405)
([0.0, -0.6639166474342346, 0.0, 0.0, 0.0, 0.0, 0.3486790657043457, -1.0638741254806519, 0.0, 0.0, 0.0, 0.0, 0.0, 0.0, 0.04009053111076355, -1.1169335842132568], 0.45859813690185547)
([0.0, 0.4184069037437439, 0.0, 0.0, 0.05859528109431267, -0.2563644349575043, 0.0, 0.0, 0.0, -0.24589724838733673, 0.0, 1.9955533742904663, 0.0, 0.0, 0.0, 0.0], 0.4529317617416382)
([-0.3431117534637451, 0.14751982688903809, 0.0, 0.0, 0.0, 0.0, -0.34405720233917236, 0.0, 0.0, -0.32198280096054077, 0.0, 1.7682135105133057, 0.0, 0.0, 0.0, 0.0], 0.3286464512348175)
([0.0, -0.31197500228881836, 0.0, 0.0, 0.7540187835693359, 0.0, 0.0, -0.7461630702018738, 0.0, 0.0, 0.0, 0.0, -0.05888641998171806, -0.6057234406471252, 0.0, 0.0], -0.20108860731124878)
([-0.10833197832107544, 0.0, 0.0, 0.0, 0.0, 0.0, 0.0, 0.0, -1.5141769647598267, -0.02464115433394909, 0.0, -0.20538179576396942, 0.0, 0.6312195062637329, 0.0, 0.0], -0.08634582161903381)
([0.0, 1.5329447984695435, 1.6995446681976318, -1.495436191558838, 0.0, 0.0, 0.0, 1.4595630168914795, 0.0, 0.0, 0.0, -0.09085272997617722, 0.0, 0.0, 0.0, 0.0], 0.6273845434188843)
([-0.3004571199417114, 0.0, 0.0, 0.0, 0.0, 0.0, 0.0, 0.0, 0.22155195474624634, 0.0, 0.5546075701713562, 1.0355243682861328, 0.0, 0.0, 0.0, 3.3371269702911377], -0.2755889594554901)
([-1.6676791906356812, 0.0, 0.0, 0.0, 0.021313512697815895, 0.0, 1.6414023637771606, 0.0, 0.0, -0.049559444189071655, -0.5184764266014099, 0.0, 0.0, 0.0, 0.0, 0.0], 2.0350544452667236)
([0.008997315540909767, 0.0, 0.0, 0.0, 0.0, 0.0, 0.0, 0.0, 0.07053589820861816, 0.0, 1.0343453884124756, 1.0240776538848877, 0.0, 1.7354251146316528, 0.0, 0.0], 0.0992584079504013)
([0.0, 2.032491445541382, 0.0, 0.0, 2.0652241706848145, 0.0, 0.0, 2.081550121307373, -0.6877372860908508, 0.0, 0.0, 0.0, 0.0, 0.0, 0.15834088623523712, 0.0], -0.9791260957717896)
([1.110566258430481, 0.0, 0.0, 0.0, -0.06346776336431503, 0.0, 0.0, 0.0, 0.0, 0.0, 0.0, 0.0, 0.1359771192073822, 0.0, -0.7922675013542175, -0.025093114003539085], 0.6215022802352905)
([0.0, 0.0, -0.1087094321846962, 0.0, 0.0, 0.0, 0.0, 1.8021763563156128, 0.0, -1.4109859466552734, 0.0, 0.0, 0.0, -0.32188552618026733, 0.15364018082618713, 0.0], 1.0407581329345703)
([0.0, 0.0, 0.6293129324913025, 0.0, 0.0, 0.0, 0.0, 0.0, 0.0, 0.0, 0.1604808121919632, -0.08617586642503738, -0.6024349331855774, 0.1690811812877655, 0.0, 0.0], -0.8019065856933594)
([-0.9637671709060669, 0.0, 0.0, 0.0, -0.9910132884979248, 0.0, 0.0, 0.0, 0.21088075637817383, 0.0, 0.0, 0.0, -1.2381385564804077, 0.0, 0.0, -0.053470589220523834], -0.6031560301780701)
([-0.4186365306377411, 0.0009193087462335825, 0.0, 0.0, -1.7682173252105713, 0.0, 0.0, 0.0, 0.0, 1.4279290437698364, 0.0, 0.0, -0.5835795998573303, 0.0, 0.0, 0.0], 1.3778823614120483)
([0.0, 0.0, 0.7195518016815186, -1.1460647583007812, 0.0, 0.0, 0.5271909832954407, 0.0, 0.1417418122291565, 0.0, 0.0, 0.0, 0.0, 0.0, 0.0, -0.8141211867332458], 0.17623133957386017)
([0.0, 0.0, 0.0, 0.0, 0.0, 0.0, 0.049137335270643234, 0.0, -0.3044959604740143, 0.0, 0.0, 0.0, 0.0, -0.04219420626759529, -0.5904944539070129, 0.1098254844546318], -0.5130437016487122)
([0.0, 0.0, 0.0, 1.6378858089447021, 0.0, 0.0, 0.0, -0.16337230801582336, 0.15401454269886017, 0.0, 0.3838290572166443, 0.0, -0.31821751594543457, 0.0, 0.0, 0.0], 0.2719314694404602)
([0.8599363565444946, 0.0, -0.008817893452942371, -0.6061524152755737, 0.0, -0.7748680114746094, 0.0, 0.0, 0.0, 0.0, 0.0, 0.0, 0.0, 0.0, 0.0, 0.6666399836540222], -0.38673484325408936)
([0.0, 0.0, 0.02632749080657959, 0.0, 0.0, 0.0, 0.0, 0.3199678957462311, -0.2206328958272934, 0.0, 0.0, 0.0, -1.7562850713729858, 0.0, 0.0, -0.7329769730567932], 1.8047531843185425)
([-0.42041438817977905, 1.886879801750183, 0.6380556225776672, 0.0, 0.0, 0.0, 0.0, 0.0, -0.9630568623542786, 0.0, 0.0, 0.0, 0.0, 0.0, -0.007080296985805035, 0.0], 1.5018935203552246)
([0.0, 0.0, 0.0, 1.7339448928833008, -0.04546300321817398, 0.08539102971553802, 0.0, -0.8159747123718262, 0.0, 0.0, 0.0, 0.0, -0.7105295062065125, 0.0, 0.0, 0.0], 0.8221220374107361)
([0.0, 0.0, -0.016250448301434517, 0.0, 0.0, 0.36658379435539246, 0.0, 0.0, 0.0, 0.0, -0.5993553400039673, 0.0, 0.0, 0.33832240104675293, 0.0, -0.054401591420173645], -1.4514578580856323)
([0.5774210095405579, 0.0, 0.0, -1.114896297454834, -0.6073716282844543, 0.24714213609695435, 0.0, 0.0, 0.0, 0.0, 0.0, -0.1653561145067215, 0.0, 0.0, 0.0, 0.0], 1.666061520576477)
([0.0, -0.9610822200775146, -0.3549376130104065, 1.4414304494857788, 0.9291558861732483, 0.19724467396736145, 0.0, 0.0, 0.0, 0.0, 0.0, 0.0, 0.0, 0.0, 0.0, 0.0], -0.13713839650154114)
([0.6591343283653259, -2.1736068725585938, 0.0, 0.0, -0.12711858749389648, 0.0, -1.079072117805481, -1.0303518772125244, 0.0, 0.0, 0.0, 0.0, 0.0, 0.0, 0.0, 0.0], 0.5017627477645874)
([0.42960795760154724, 0.0, 0.0, 1.1049457788467407, 0.0, 0.0, 0.8927974700927734, 0.0, 0.041318099945783615, 0.0, 0.0, 0.0, -0.8862407803535461, 0.0, 0.0, 0.0], 0.06718379259109497)
([-1.0807693004608154, 0.2870326638221741, 0.0, 0.0, 0.0, 0.48030179738998413, -0.8431171178817749, 0.0, -2.0461456775665283, 0.0, 0.0, 0.0, 0.0, 0.0, 0.0, 0.0], 0.6759714484214783)
([0.0, -0.47537747025489807, 0.0, -2.38761043548584, 0.0, 0.0, 0.0, -0.03128306567668915, 0.0, 0.0, 0.0, -0.003840995253995061, 0.0, 0.3194045126438141, 0.0, 0.0], -0.5025455951690674)
([0.22696733474731445, 0.0, 0.7135264277458191, -1.2454946041107178, 0.0, 0.0, 0.0, 0.0, 0.0, 0.1508830338716507, 0.24650460481643677, 0.0, 0.0, 0.0, 0.0, 0.0], 1.2198936939239502)
([0.0, 0.0, 0.0, 0.0, -0.1453123390674591, 0.0, 0.0, 1.198276162147522, -1.1977859735488892, 0.0, 0.0, 0.0, 0.05384023115038872, 0.5271877646446228, 0.0, 0.0], 1.2574436664581299)
([-0.5622095465660095, -0.28170329332351685, 0.0, 0.0, 0.0, 0.0, 0.0, 0.0, 1.3109430074691772, 0.0, 0.0, 1.8503296375274658, 0.0, 0.0, 0.0, -0.029508935287594795], 1.9622761011123657)
([0.0, 0.0, 0.0, 0.0, 0.0, -0.22443898022174835, 0.0, 0.0, 0.0, -0.999740481376648, 0.0, -2.8754189014434814, 0.0, -0.2809496521949768, 0.974584698677063, 0.0], -0.14291700720787048)
([0.0, 0.09397054463624954, 0.0, -1.9146767854690552, 0.0, 0.0, 0.0, 0.0, 0.0, 3.300642967224121, 0.0, 0.0, 0.0, -0.43725377321243286, 0.0, 1.1931650638580322], -0.7890523672103882)
([-0.9985095262527466, 0.10334251821041107, -0.03380746766924858, 0.0, 0.0, 0.0, -1.4155689477920532, 0.0, 0.0, 0.0, 0.0, 0.0, -0.024490924552083015, 0.0, 0.0, 0.0], 1.7502950429916382)
([0.0, -1.0612766742706299, 0.0, 0.0, 0.32920557260513306, 0.0, 0.0, -0.1620066910982132, 1.4943416118621826, 0.0, 0.0, 1.4450584650039673, 0.0, 0.0, 0.0, 0.0], 0.09863773733377457)
([-0.04144880175590515, 0.25507020950317383, -0.14341454207897186, -1.9703516960144043, 0.0, 0.0, 0.0, 0.0, 0.0, 0.0, 0.0, 0.0, 1.3835723400115967, 0.0, 0.0, 0.0], -1.91077721118927)
([-0.20491357147693634, 0.19184507429599762, 0.0, 0.0, -1.8185912370681763, 0.0, 0.0, 0.0, -0.367244690656662, 0.0, 0.0, 0.0, 0.0, -0.2911779582500458, 0.0, 0.0], 0.36707738041877747)
([0.0, 0.0, 0.0, 0.0, 2.4207117557525635, 1.4242520332336426, 0.0, 0.34557563066482544, 0.0, 0.0, 0.0, 0.38286924362182617, 0.22769305109977722, 0.0, 0.0, 0.0], -2.520205497741699)
([-1.4066085815429688, -0.05847702920436859, 0.0, -0.1255829930305481, 0.0, 0.0, 0.0, 0.0, -1.0409328937530518, 0.0, 0.0, -0.9638696908950806, 0.0, 0.0, 0.0, 0.0], 0.8197740316390991)
([0.3388232886791229, 0.0, 0.7791630625724792, 0.0, 0.5006844401359558, 0.0, 0.0, 0.0, 0.0, 0.0, 0.0, 0.0, 0.0, 0.0, -2.393340587615967, 0.04374458268284798], 0.26211732625961304)
([-2.933246612548828, 0.0, 0.0, 0.0, 0.0, -0.05684623122215271, 0.43895938992500305, 0.45854994654655457, 0.0, 0.0, 0.0, 0.0, 0.0, 0.0, 0.4003918468952179, 0.0], -0.042952705174684525)
([0.0, 0.0, -1.4515600204467773, 0.0, -0.11281696707010269, 1.8620861768722534, 0.0, -0.3293646275997162, -0.040908657014369965, 0.0, 0.0, 0.0, 0.0, 0.0, 0.0, 0.0], 0.1898503452539444)
([0.0, 1.309965968132019, 0.0, 0.25646069645881653, -0.279448926448822, 0.0, 0.0, -1.0185513496398926, 0.0, 0.0, 0.0, 0.0, 0.0, 0.0, 0.0, 0.27493178844451904], 0.0638260468840599)
([0.0, 0.0, 0.0, 0.0, 0.0, 0.0, 0.0, -0.36119940876960754, 0.5135031342506409, -2.515843391418457, 0.8868538737297058, 0.01373347733169794, 0.0, 0.0, 0.0, 0.0], -0.17912428081035614)
([0.0, 0.10322611778974533, 0.0, 0.0, 0.0, 0.0, 1.0924537181854248, 0.0, 4.4342916226014495e-05, 0.0, -1.0778424739837646, 0.0, 0.0, -0.5287789702415466, 0.0, 0.0], 0.25601089000701904)
([0.0, -0.568437397480011, 0.0, 0.0, 1.8424798250198364, 0.660016655921936, 0.0, 0.0, -1.605948567390442, 0.0, 0.0, 0.0, 0.0, 0.0, 0.0, -0.918513834476471], -1.144595742225647)
([-1.6152751445770264, 0.0, -0.6095754504203796, -0.8059149384498596, 0.0, 0.0, 0.0, -1.0687099695205688, 0.0, 0.0, 0.0, 0.0, 0.0, 0.0, -0.04192284867167473, 0.0], -0.5194075703620911)
([-1.4401785135269165, 0.0, 0.0, -0.6442044377326965, -0.15622618794441223, 0.0, -0.017049359157681465, 0.0, 0.0, 0.0, 0.0, 0.0, 0.0, 0.0, -1.6265466213226318, 0.0], -0.2821221947669983)
([-0.8563283085823059, 0.0, 0.0, 0.11166654527187347, 0.0, -0.3738469183444977, 0.0, 0.0, -0.8318549990653992, 0.0, 0.0, 0.0, 0.0, 0.0, 0.0, -0.8743962645530701], 0.11460869759321213)
([0.0, 0.0, -0.4316694736480713, 1.1196210384368896, 0.0, 0.0, 0.0, 1.070814609527588, 0.0, 0.0, 0.0, -1.0428396463394165, 0.0, 0.0, 0.0, -0.19634000957012177], -0.07401540130376816)
([0.37126341462135315, 1.31248939037323, 0.0, 0.0, -0.8622146844863892, 1.4292426109313965, 0.0, 0.0, 0.0, 0.0, 0.0, 0.0, 0.163716658949852, 0.0, 0.0, 0.0], -0.8024523854255676)
([-1.2010877132415771, -0.2041049599647522, 0.0, 0.0, -0.6952776312828064, -0.2202238142490387, -0.5063483715057373, 0.0, 0.0, 0.0, 0.0, 0.0, 0.0, 0.0, 0.0, 0.0], 0.775359034538269)
([-0.09848739206790924, 0.0, 0.0, 0.792575478553772, 0.0, -0.35562196373939514, 1.1735119819641113, 0.0, 0.0, 0.0, 0.0, 0.0, 0.0, 0.0, 0.0, 0.9075735211372375], -0.0219118595123291)
([0.0, 0.0, 1.502326250076294, 0.0, 0.0, 0.0, 1.4844980239868164, 0.0, 0.0, 0.0, 0.0, 0.0, 1.2448757886886597, 0.0, -0.15646028518676758, 0.5514391660690308], 0.027892116457223892)
([0.0, -3.5374460220336914, 0.0, 0.0, 0.0, 0.0, 0.0, 0.0, -0.8170095086097717, 0.7720882296562195, 0.0, 0.0, 0.20690687000751495, 0.20718245208263397, 0.0, 0.0], -1.4098235368728638)
([0.0, -0.7226656079292297, -0.3117448091506958, 1.5440975427627563, -0.3530559241771698, 0.0, 0.0, 0.0, -0.12133318930864334, 0.0, 0.0, 0.0, 0.0, 0.0, 0.0, 0.0], -0.7044938206672668)
([0.0, -0.6581959128379822, 0.0, -0.5595996379852295, -0.29053840041160583, 0.0, 0.0, 0.0, 0.0, -0.02470221370458603, 0.0, -2.7113871574401855, 0.0, 0.0, 0.0, 0.0], -0.005921861156821251)
([0.0, 0.0, -1.2593839168548584, 0.0, 0.0, -0.44044777750968933, 0.0, 1.2398715019226074, 0.0, 0.0, 0.0, -0.13100537657737732, 0.0, 0.0, 0.0, -1.381157398223877], 0.24349573254585266)
([0.09046289324760437, 0.6122642755508423, -0.16983480751514435, 0.0, 0.0, -1.8264435529708862, 1.0265825986862183, 0.0, 0.0, 0.0, 0.0, 0.0, 0.0, 0.0, 0.0, 0.0], -1.100771427154541)
([0.0, 0.0, 0.0, -1.0211923122406006, 0.0, 0.23555342853069305, 0.0, 0.34476199746131897, 0.0, 0.0, 0.0, -0.022570693865418434, 0.0, 0.0, 0.0, -0.15591733157634735], 1.3560291528701782)
([-0.3540987968444824, 0.0, 0.0, -0.09512809664011002, 0.0, -1.8731745481491089, 0.0, 0.0, 1.8132327795028687, 0.0, 0.0, 2.3750486373901367, 0.0, 0.0, 0.0, 0.0], -0.12542188167572021)
([0.0, 0.10781770199537277, 0.8048654794692993, 0.811528742313385, 0.0, 0.8018022179603577, 0.0, 0.0, 0.0, -0.26599404215812683, 0.0, 0.0, 0.0, 0.0, 0.0, 0.0], -0.3211498558521271)
([0.0, 2.1395668983459473, 0.0, 0.0, 0.22547192871570587, -0.7203880548477173, 0.15364055335521698, 0.0, 0.0, 0.0, 0.0, 0.0, 0.0, -2.0575265884399414, 0.0, 0.0], 1.8796371221542358)
([0.0, 0.0, 0.0, 0.0, -0.5354824066162109, -1.6836267709732056, 0.0, 0.0, 1.7061032056808472, 0.0, 0.0, 0.0, 0.0, -1.5464481115341187, 0.546289324760437, 0.0], -0.23624910414218903)
([0.0, 0.0, 0.19295595586299896, -1.346215844154358, 0.1807701587677002, 0.0, 0.0, 0.0, 0.9460355043411255, 0.0, 0.0, -0.1361270248889923, 0.0, 0.0, 0.0, 0.0], 1.2464431524276733)
([0.0, -0.7977285385131836, 0.08269565552473068, 0.0, 0.0, -0.8074073195457458, 0.0, 0.0, -0.32280683517456055, 0.0, 0.8445212841033936, 0.0, 0.0, 0.0, 0.0, 0.0], -0.30917662382125854)
([-0.33421996235847473, 0.0, 0.0, -0.010728729888796806, 0.0, 0.806319534778595, -0.2648979425430298, 0.0, 0.0, 0.0, 0.0, 0.0, 0.0, 0.0, 0.0, 0.776512861251831], -1.4684293270111084)
([0.0, -2.66882586479187, 0.0, 0.14589346945285797, 0.0, -0.058138489723205566, 0.0, 0.0, 0.0, 0.0, -0.017622148618102074, 0.0, 0.0, 0.0, -0.06043326482176781, 0.0], 0.7590348720550537)
([0.0, 0.0, 0.0, 0.0, 0.0, 0.0, 1.4022068977355957, 0.0, -0.36833110451698303, 0.0, -1.3492774963378906, 0.0, -0.12825386226177216, 0.0, 0.0, 1.5396686792373657], -0.6136232614517212)
([1.8261313438415527, 0.0, 0.0, -0.3218058943748474, 0.0, 0.0, 0.9166194200515747, -0.2261684238910675, 0.0, 0.0, 0.0, 0.0, 0.0, 0.0, -1.7496510744094849, 0.0], 0.0498540960252285)
([0.032795753329992294, 0.0, 0.0, 0.0, 0.0, 0.7809778451919556, 0.0, 0.0, 0.0, 0.0, 0.0, -1.509982943534851, -0.18307697772979736, 0.0, 0.0, -1.6599904298782349], -1.3387202024459839)
([0.036756206303834915, 0.0, -1.0621020793914795, -1.8884309530258179, 0.0, 0.0, -0.0693131759762764, 0.0, 0.1019141674041748, 0.0, 0.0, 0.0, 0.0, 0.0, 0.0, 0.0], 0.43235281109809875)
([0.0, 0.0, 0.0, 0.07352874428033829, 0.0, 0.13480521738529205, -0.9347834587097168, 0.87587970495224, 0.0, 0.0, 0.0, -0.9834823608398438, 0.0, 0.0, 0.0, 0.0], 0.4011276662349701)
([0.0, 0.0, 0.0, -0.3780147433280945, 0.0, 0.0, 0.0, 0.0, 1.2572813034057617, 0.0, 0.0, 0.3606503903865814, -1.184290885925293, 0.0, 1.2719004154205322, 0.0], 0.189398854970932)
([0.0, 0.0, 0.0, -0.28579309582710266, 0.0, 0.0, 0.04748738929629326, 0.0, 0.0, 0.0, 0.19212746620178223, -0.26365330815315247, 0.0, 0.0, -0.41662707924842834, 0.0], 2.236621379852295)
([-1.1013686656951904, 1.313707947731018, 0.0, 0.0, 0.0, 0.0, 0.0, 0.0, 0.0, 0.0, 0.29280799627304077, -0.35444822907447815, 0.0, 1.3995170593261719, 0.0, 0.0], -0.3166143298149109)
([0.0, -0.36696892976760864, -0.2219412475824356, 0.13377344608306885, 0.0, 0.0, -1.3414579629898071, 1.219437599182129, 0.0, 0.0, 0.0, 0.0, 0.0, 0.0, 0.0, 0.0], 0.9993899464607239)
([0.0, 0.0, 0.0, 0.624275267124176, -0.8615724444389343, 0.0, 0.0, 0.0, 0.0, 0.0, 2.0617849826812744, 0.0, -0.05546458438038826, 0.0, 0.0, -0.6885892748832703], 0.1915270984172821)
([0.0, 0.0, 0.0, 0.0, 0.0, 0.0, 0.3883058428764343, 2.055521011352539, 0.0, 0.29142627120018005, 0.0, 0.0, 0.0, -0.1951071321964264, 0.0, -0.010963264852762222], 0.22100089490413666)
([0.0, 0.0, -0.0480400025844574, 0.0, 0.0, 0.0, 0.0, 0.10397420078516006, 0.0, -2.0436832904815674, 0.6761011481285095, 0.0, 0.0, -0.4752700924873352, 0.0, 0.0], -0.18322983384132385)
([0.0, -0.43640372157096863, 0.0, 0.0, -1.4442824125289917, 1.0564364194869995, 0.0, 0.20204414427280426, 0.0, 0.0, -0.06141876429319382, 0.0, 0.0, 0.0, 0.0, 0.0], 0.8448954224586487)
([-0.31542283296585083, 0.0, 0.0, 0.0, -1.1869686841964722, 0.0, 0.0, 1.4506577253341675, 0.0, 0.0, 0.0, 0.0788528099656105, 0.0, 0.0, 0.0, 1.5181992053985596], -0.19153906404972076)
([0.0, 0.0, 0.0, 0.8770886659622192, 0.0, -1.3736770153045654, -0.23658964037895203, -0.004199157003313303, 0.0, 0.0, 0.0, 0.0, 0.0, 0.0, -0.10325360298156738, 0.0], 1.6701960563659668)
([-1.6386809349060059, 0.0, 0.0, 0.0, 0.0, 0.0, 0.0, -0.3144276440143585, 0.0, 1.0576502084732056, 0.0, 0.06199697405099869, 0.0, 0.0, 0.0, 1.0664342641830444], -0.0046282256953418255)
([0.0, 0.0, 0.0, 0.0, 1.1932566165924072, 0.0, -1.1053019762039185, 0.3283098638057709, 0.0, 0.0, 0.0, 0.0, 1.389412522315979, 0.0, 0.12034633755683899, 0.0], -0.32052549719810486)
([0.0, 0.0, 0.0, 1.7330430746078491, 0.0, -0.07652783393859863, 0.0, 0.0, -0.06678967922925949, 1.819252848625183, 0.0, 1.3646713495254517, 0.0, 0.0, 0.0, 0.0], 0.7839086055755615)
([0.0, 0.0, 0.0, 0.0, 0.0, 0.0, 0.0, -0.5140471458435059, 0.0, 2.149552822113037, 0.0, -0.2308475524187088, 0.0, 0.3233315944671631, 0.0, 0.031167995184659958], -0.07755101472139359)
([0.0, 0.0, 1.5732359886169434, 0.0, 0.3396371901035309, 0.0, 0.0, 0.0, 0.0, 0.0, -0.5524150729179382, 0.0, 0.0, -2.3142013549804688, 0.0, -2.386273145675659], 0.4477958679199219)
([0.2710641920566559, 0.0, 0.0, 0.0, 0.0, 0.0, 1.8018947839736938, 0.0, -0.20921975374221802, 0.0, -0.2430071234703064, 0.0, 0.0, 0.41495710611343384, 0.0, 0.0], -0.08889380097389221)
([0.13399972021579742, 0.34037360548973083, 0.0, 0.0, -2.365079641342163, 0.0, 0.0, 0.0, 0.0, 0.0, 0.0, 0.0, 0.0, 0.0, -1.5091516971588135, -1.6409633159637451], 0.2387639284133911)
([0.0, 0.0, 0.0, -0.37469249963760376, 0.0, 0.0, 0.0, 0.0, 0.0, -0.45691078901290894, 0.0, 0.4591018259525299, 1.8019086122512817, 0.0, 0.0, 0.5098601579666138], -0.2783519923686981)
([0.0, 0.0, -0.9257723093032837, 0.0, 0.27460843324661255, 0.0, 0.08017058670520782, 0.0, 0.0, 0.0, 0.06917453557252884, 0.0, 0.0, 0.0, -1.1779619455337524, 0.0], -0.6768791675567627)
([0.0, 0.0, 0.0, -0.5056411027908325, 0.0, 0.0, 0.0, 0.3519431948661804, 0.456991046667099, -0.3928506076335907, 0.0, 1.862083077430725, 0.0, 0.0, 0.0, 0.0], -0.14498159289360046)
([0.678962767124176, 0.0, 0.0, 0.0, 0.12481002509593964, -0.33781301975250244, 1.2680659294128418, 0.0, 0.0, 0.0, 0.0, 0.0, 0.0, -0.01477447897195816, 0.0, 0.0], -0.39114245772361755)
([0.0, 0.14345039427280426, -0.06249643862247467, 0.0, 0.0, 0.0, -2.575310707092285, 0.0, 0.0, 0.0, 0.0, 0.0, 0.0, 0.9670806527137756, 0.0, -0.6299676895141602], -0.02440773695707321)
([0.0, -0.883413553237915, 0.0, 0.0, 1.714292287826538, 0.8310592770576477, 0.0, -1.256339192390442, 0.0, 0.0, 0.0, 0.0, 0.0, 0.0, 0.0, 0.6496462225914001], -0.8769078850746155)
([0.0, -0.17139054834842682, 0.0, 0.0, 0.0, 0.0, 0.0, -0.26812416315078735, 0.030781690031290054, 1.3323686122894287, -1.1640427112579346, 0.0, 0.0, 0.0, 0.0, 0.0], 1.5871531963348389)
([0.0, 1.1578240394592285, -1.0007312297821045, 0.0, -0.8305143117904663, -0.9897984266281128, 0.0, 1.6086641550064087, 0.0, 0.0, 0.0, 0.0, 0.0, 0.0, 0.0, 0.0], -0.8775315880775452)
([1.1021168231964111, 0.1614803671836853, 0.0, 1.0747591257095337, 1.941019058227539, 0.0, 0.5756152272224426, 0.0, 0.0, 0.0, 0.0, 0.0, 0.0, 0.0, 0.0, 0.0], -0.17357803881168365)
([0.0, 0.0, 0.0, 0.0, 0.20415650308132172, -2.1056034564971924, 0.0, 0.0, 0.21086198091506958, 0.006491314619779587, 0.0, 0.0, 0.0, 0.0, 0.0, 0.09897611290216446], -0.586631715297699)
([-0.7627402544021606, 0.0, 0.0, 1.2129089832305908, 0.0, 0.0, 0.0, 0.0, -0.31934046745300293, -1.2297419309616089, 0.0, -0.0833691656589508, 0.0, 0.0, 0.0, 0.0], 0.21102404594421387)
([0.0, 0.6597592234611511, -2.414754867553711, 0.30666518211364746, 0.1696571707725525, 0.0, 0.0, 0.0, 0.3069847524166107, 0.0, 0.0, 0.0, 0.0, 0.0, 0.0, 0.0], 1.005541443824768)
([0.0, 0.196805939078331, 0.15856428444385529, 0.0, 0.0, 0.0, 0.0, 0.0, -0.24615167081356049, 0.0, 1.2779358625411987, 0.0, -1.035667061805725, 0.0, 0.0, 0.0], 1.2821930646896362)
([0.0, 0.0, -0.47946691513061523, 0.0, -0.11525897681713104, 0.0, 0.0, 0.0, -0.375472754240036, 0.0, 0.12804187834262848, 0.0, 0.0, 0.0, 0.0, 0.11063326895236969], -1.622343897819519)
([-0.39106908440589905, -0.6540741920471191, 1.1494157314300537, 0.0, 0.0, 0.0, 0.0, 2.2205028533935547, 0.02905402146279812, 0.0, 0.0, 0.0, 0.0, 0.0, 0.0, 0.0], 1.0125961303710938)
([-0.4428004026412964, 0.0, -0.33511966466903687, 0.0, -0.581244170665741, 0.0, 0.0, 0.0, 0.0, 0.0, 2.2251012325286865, 0.0, 0.0, 0.0, 0.0, 0.026478677988052368], 0.8295304179191589)
([0.0, 0.0, 0.5812400579452515, -0.1906362622976303, 0.0, 1.6267966032028198, -0.5939382910728455, 0.0, 0.0, 0.0, 0.0, 0.0, 0.08804403990507126, 0.0, 0.0, 0.0], -0.9097499847412109)
([0.0, -0.3372621238231659, -0.45925989747047424, 0.0, -0.7068369388580322, 0.0, 0.05268406122922897, 0.0, 0.06753693521022797, 0.0, 0.0, 0.0, 0.0, 0.0, 0.0, 0.0], -0.6982430219650269)
([0.0, 0.0, 0.0, 0.25365838408470154, 0.0, 0.0, 0.0, -0.07920778542757034, 0.09291849285364151, -1.933251142501831, 0.0, 0.0, -0.4146397113800049, 0.0, 0.0, 0.0], 0.9903010129928589)
([0.0, -0.2051708698272705, -0.11398280411958694, 0.0, 0.0, -1.0620173215866089, -0.14999701082706451, 0.0, 0.0, 0.0, 0.0, 0.0, 0.0, 0.0, 0.2307191789150238, 0.0], -0.16862550377845764)
([-0.27939361333847046, 2.1063239574432373, 0.0, 0.6532078981399536, 0.0, 0.2798551023006439, 0.0, 0.0, 0.0, 0.0, 0.0, 0.0, 0.0, 0.40998414158821106, 0.0, 0.0], 0.2946555018424988)
([0.0, 0.0, 0.37272632122039795, 0.0, 0.0, 0.0, 0.0, 0.8480100631713867, -1.60200035572052, 0.0, 1.9016691446304321, 0.0, 0.0, 0.0, 0.0, -0.006149660795927048], 0.16522453725337982)
([0.172194704413414, 0.0, 0.0, -1.800207495689392, 0.0, 0.0, 0.0, 0.0, 0.0, 0.0, 0.0, 0.0, -0.29784446954727173, 0.39893102645874023, 0.0, -0.7458714842796326], 0.46793726086616516)
([3.3911402225494385, 0.0, -0.9918452501296997, 0.0, 0.0, 0.0, 0.0, 0.0, 0.0, 0.29735398292541504, 0.0, 0.36987802386283875, -0.3471950888633728, 0.0, 0.0, 0.0], -0.1745680719614029)
([0.0, 0.0, 0.0, 1.7289965152740479, 0.0, 1.5922654867172241, 0.0, 0.0, 0.0, 0.0, 0.0, 0.0, -1.8274046182632446, 0.0, -0.10233589261770248, -0.5542293190956116], 0.41619789600372314)
([0.0, 1.6346795558929443, 1.1390749216079712, 0.0, 0.0, -0.14859433472156525, -0.405695378780365, 0.0, 0.23415353894233704, 0.0, 0.0, 0.0, 0.0, 0.0, 0.0, 0.0], -1.2142421007156372)
([0.0, 0.0, 0.0, 0.09824070334434509, 0.0, 1.3704588413238525, 0.0, 0.0, 0.0, 0.0, 0.0, 0.0, 0.0, -0.29367175698280334, 0.10906710475683212, 1.3737506866455078], 0.9793698191642761)
([-0.15210182964801788, -0.7054769396781921, 0.0, -1.222475528717041, 0.0, 0.0, 0.47074365615844727, 0.0, 0.0, 0.0, 0.0, 0.0, -0.03036414459347725, 0.0, 0.0, 0.0], 0.7869073748588562)
([0.0, 0.0, 0.0, 0.17391781508922577, 0.0, 0.0, 0.0, -0.5306928157806396, 0.0, 3.178544759750366, 0.0, 0.0, 0.0, -0.48005568981170654, 0.0, -0.29002824425697327], 0.31673088669776917)
([-0.503322422504425, 0.0, 0.0, -2.1092116832733154, 0.0, 0.0, 0.0, 0.0, 0.0, 0.2117215096950531, 0.0, 0.037188414484262466, 0.0, 0.0, 0.0, -0.782618522644043], 1.0078885555267334)
([0.0, 0.0, -1.1998199224472046, 1.2099664211273193, -0.8173803091049194, 0.0, 0.0, 1.8441520929336548, 0.0, 0.0, 0.0, 0.0, 0.0, 0.0, 0.03302706778049469, 0.0], -0.8403028845787048)
([-0.1388676017522812, 0.0, 0.0, -0.5109133720397949, 0.0, 0.0, 0.0, -0.6132599711418152, -0.7684704661369324, 0.0, 0.0, 0.0, 0.0, 0.0, 0.0, -0.053702421486377716], -1.0340946912765503)
([0.0, 0.0, 0.0, 0.0, 0.0, 0.0, 0.0, -0.698573648929596, 0.0, 0.07696963846683502, -0.8296172618865967, -0.023423219099640846, 0.0, 0.0, 0.0, 0.02566549926996231], 1.6668753623962402)
([0.0, 0.0, 0.6025103330612183, 0.7894541621208191, 0.0, 0.0, 0.4587845504283905, 0.0, 0.0, 0.0, 0.0, 0.0, 0.0, 0.0, 0.1143060177564621, -0.2082766592502594], -2.37858247756958)
([0.0, 0.0, -0.12896728515625, 0.0, 0.0, -0.25076401233673096, 0.0, -1.0467876195907593, -0.2822015583515167, 0.0, 0.0, 0.0, 0.0, 0.0, 0.0, -2.241835355758667], -0.16883498430252075)
([1.11629319190979, 0.9504836797714233, 0.0, 0.0, 0.3597330152988434, 0.0, 0.7544671893119812, 0.45227691531181335, 0.0, 0.0, 0.0, 0.0, 0.0, 0.0, 0.0, 0.0], -0.46559447050094604)
([0.0, 0.0, 0.0, 0.0, 0.0, 0.0, 1.1584683656692505, 0.0, 0.0, 0.36959362030029297, -0.25876742601394653, 0.0, 0.0, 1.1953951120376587, 1.0338664054870605, 0.0], -0.34072816371917725)
([0.0, 0.0, 0.0, 0.0, 0.0, 0.0, 0.4966597259044647, -0.35722583532333374, 0.0, 0.0, 0.3847138583660126, 2.1998138427734375, 0.0, 0.0, 0.0, -0.8687086701393127], 0.05636066570878029)
([0.0, 0.0, -0.12785641849040985, 0.0, 0.0, -1.5530459880828857, 1.397869348526001, -0.3573451638221741, 0.0, 0.0, 0.0, 0.0, 0.0, 0.0, 0.0, -2.580981492996216], -0.6760467886924744)
([0.0, -0.05115484446287155, 0.0, 0.0, 0.1219596192240715, 0.0, 0.0, 0.4400184154510498, 0.0, 0.0, 0.7350733876228333, 0.0, 0.0, 0.0, 0.0, 1.4450024366378784], -0.9511897563934326)
([0.0, 0.6771595478057861, 0.0, -0.8839519023895264, -0.7688090801239014, 0.0, 0.0, 1.5680909156799316, -0.04597709700465202, 0.0, 0.0, 0.0, 0.0, 0.0, 0.0, 0.0], 0.13857002556324005)
([0.0, 0.0, 0.0, 0.042684782296419144, 0.0, 0.0, -0.4711140990257263, 0.0, 0.0, 1.617148756980896, 0.0, 0.5902166962623596, 2.3409829139709473, 0.0, 0.0, 0.0], -1.9423882961273193)
([0.0, -0.9093369245529175, -0.017392100766301155, 0.0, 0.8162996172904968, 0.0, 0.0, -0.2494201362133026, 0.0, 0.0, 0.0, 0.0, 0.0, 0.0, 0.0, -0.28493785858154297], 0.8396009802818298)
([-0.3195146918296814, 0.0, 0.0, 0.39227890968322754, 0.0, 0.0, 0.0, 0.42856457829475403, 1.7821214199066162, 0.0, -0.20624490082263947, 0.0, 0.0, 0.0, 0.0, 0.0], -0.13406887650489807)
([0.0, 0.0, 0.7124796509742737, -1.9819661378860474, 0.0, 0.0, 0.0, 0.0, 0.05730297788977623, 0.0, -0.45086967945098877, 0.0, 0.0, 0.0, -0.03557319566607475, 0.0], 0.6964718103408813)
([0.0, 0.0, 0.0, 0.0, 0.0, 0.0, -0.6722099781036377, -1.4868885278701782, 0.11054849624633789, 0.0, 0.0, 0.0, 0.0, 0.0, 0.1779537945985794, 0.9443044662475586], 0.661182165145874)
([-2.468613386154175, 0.0, 0.0, -0.8414911031723022, 0.0, 0.0, 0.6454264521598816, -0.9588707089424133, -2.3105568885803223, 0.0, 0.0, 0.0, 0.0, 0.0, 0.0, 0.0], 0.027672160416841507)
([-0.12063217163085938, 0.0, 0.0, 0.0, 0.0, 0.0, 2.056835412979126, 0.7070086002349854, 0.0, 0.0, 0.0, 0.04617011547088623, 0.0, 0.0, 0.0, 0.12571808695793152], 0.5291279554367065)
([0.0, 0.0, 0.0, 0.0, 0.0, 0.0, 0.0, 0.05626315996050835, -0.03587353602051735, 1.61403226852417, 0.0, 0.7837396264076233, 0.0, 0.0, 0.0, -0.5231846570968628], -0.15990518033504486)
([0.0, -0.335039347410202, 0.0, 0.0, 0.0, 0.0, 0.0, 0.5968782305717468, 0.0, 0.0, -0.3251483738422394, -1.9452790021896362, -1.9986772537231445, 0.0, 0.0, 0.0], -1.3676389455795288)
([0.0, 0.0, 0.0, 0.0, -0.23548749089241028, -0.6101816296577454, 0.0, 0.0, 0.0, -0.6670083403587341, 0.0, 0.0, 2.419830560684204, 0.0, -0.27337267994880676, 0.0], 0.6162762641906738)
([0.0, -0.16270339488983154, 0.0, -0.11691742390394211, 0.0, 0.0, 0.0, 0.0, 0.0, 0.0, 0.0, -1.7358531951904297, 0.0, -0.14774543046951294, 0.0, -0.23306697607040405], 0.461541086435318)
([0.0, 0.7581621408462524, 0.0, 0.0, 0.0, 0.0, 0.877888560295105, -1.0595282316207886, 0.0, 0.0758415162563324, -0.34291771054267883, 0.0, 0.0, 0.0, 0.0, 0.0], 1.6619007587432861)
([0.0, 0.0, -0.641990065574646, -1.2506569623947144, 0.0, 1.0540941953659058, 0.4391000270843506, 0.0, 0.0, 0.0, 0.0, 0.0, 0.0, 0.0, 0.0, 1.535112738609314], 0.8175506591796875)
([0.0, 0.33026930689811707, 0.0, 0.0, 0.0, 0.0, 0.0, -2.228487730026245, 0.0, 0.0, -0.6137621998786926, -0.09895492345094681, 0.0, -0.16275013983249664, 0.0, 0.0], 0.10907883942127228)
([0.37764546275138855, 0.0, -2.5666279792785645, 0.0, -0.5257360935211182, 0.2748415768146515, 0.0, 0.0, 0.0, 0.0, 0.0, 0.0, 0.37996867299079895, 0.0, 0.0, 0.0], 0.7555990219116211)
([0.0, -0.17449001967906952, -1.3158149719238281, 0.0, 0.0, 0.0, 0.0, 0.0, -0.008577498607337475, 0.0, 0.0, 0.0, 0.17926225066184998, -0.8268729448318481, 0.0, 0.0], 1.4565948247909546)
([0.0, 0.9022639989852905, -0.49019455909729004, 0.0, 0.0, 0.0, 0.0, 0.0, 0.3658583462238312, 2.9849679470062256, 0.48506444692611694, 0.0, 0.0, 0.0, 0.0, 0.0], 0.27976879477500916)
