396	156	0.0
1	1	-1
1	79	-1
2	2	-1
2	80	-1
3	3	-1
3	81	-1
4	4	-1
4	82	-1
5	5	-1
5	83	-1
6	6	-1
6	84	-1
7	7	-1
7	85	-1
8	8	-1
8	86	-1
9	9	-1
9	87	-1
10	10	-1
10	88	-1
11	11	-1
11	89	-1
12	12	-1
12	90	-1
13	13	-1
13	91	-1
14	14	-1
14	92	-1
15	15	-1
15	93	-1
16	16	-1
16	94	-1
17	17	-1
17	95	-1
18	18	-1
18	96	-1
19	19	-1
19	97	-1
20	20	-1
20	98	-1
21	21	-1
21	99	-1
22	22	-1
22	100	-1
23	23	-1
23	101	-1
24	24	-1
24	102	-1
25	25	-1
25	103	-1
26	26	-1
26	104	-1
27	27	-1
27	105	-1
28	28	-1
28	106	-1
29	29	-1
29	107	-1
30	30	-1
30	108	-1
31	31	-1
31	109	-1
32	32	-1
32	110	-1
33	33	-1
33	111	-1
34	34	-1
34	112	-1
35	35	-1
35	113	-1
36	36	-1
36	114	-1
37	37	-1
37	115	-1
38	38	-1
38	116	-1
39	39	-1
39	117	-1
40	40	-1
40	118	-1
41	41	-1
41	119	-1
42	42	-1
42	120	-1
43	43	-1
43	121	-1
44	44	-1
44	122	-1
45	45	-1
45	123	-1
46	46	-1
46	124	-1
47	47	-1
47	125	-1
48	48	-1
48	126	-1
49	49	-1
49	127	-1
50	50	-1
50	128	-1
51	51	-1
51	129	-1
52	52	-1
52	130	-1
53	53	-1
53	131	-1
54	54	-1
54	132	-1
55	55	-1
55	133	-1
56	56	-1
56	134	-1
57	57	-1
57	135	-1
58	58	-1
58	136	-1
59	59	-1
59	137	-1
60	60	-1
60	138	-1
61	61	-1
61	139	-1
62	62	-1
62	140	-1
63	63	-1
63	141	-1
64	64	-1
64	142	-1
65	65	-1
65	143	-1
66	66	-1
66	144	-1
67	67	-1
67	145	-1
68	68	-1
68	146	-1
69	69	-1
69	147	-1
70	70	-1
70	148	-1
71	71	-1
71	149	-1
72	72	-1
72	150	-1
73	73	-1
73	151	-1
74	74	-1
74	152	-1
75	75	-1
75	153	-1
76	76	-1
76	154	-1
77	77	-1
77	155	-1
78	78	-1
78	156	-1
79	1	-1
79	79	1
80	2	-1
80	80	1
81	3	-1
81	81	1
82	4	-1
82	82	1
83	5	-1
83	83	1
84	6	-1
84	84	1
85	7	-1
85	85	1
86	8	-1
86	86	1
87	9	-1
87	87	1
88	10	-1
88	88	1
89	11	-1
89	89	1
90	12	-1
90	90	1
91	13	-1
91	91	1
92	14	-1
92	92	1
93	15	-1
93	93	1
94	16	-1
94	94	1
95	17	-1
95	95	1
96	18	-1
96	96	1
97	19	-1
97	97	1
98	20	-1
98	98	1
99	21	-1
99	99	1
100	22	-1
100	100	1
101	23	-1
101	101	1
102	24	-1
102	102	1
103	25	-1
103	103	1
104	26	-1
104	104	1
105	27	-1
105	105	1
106	28	-1
106	106	1
107	29	-1
107	107	1
108	30	-1
108	108	1
109	31	-1
109	109	1
110	32	-1
110	110	1
111	33	-1
111	111	1
112	34	-1
112	112	1
113	35	-1
113	113	1
114	36	-1
114	114	1
115	37	-1
115	115	1
116	38	-1
116	116	1
117	39	-1
117	117	1
118	40	-1
118	118	1
119	41	-1
119	119	1
120	42	-1
120	120	1
121	43	-1
121	121	1
122	44	-1
122	122	1
123	45	-1
123	123	1
124	46	-1
124	124	1
125	47	-1
125	125	1
126	48	-1
126	126	1
127	49	-1
127	127	1
128	50	-1
128	128	1
129	51	-1
129	129	1
130	52	-1
130	130	1
131	53	-1
131	131	1
132	54	-1
132	132	1
133	55	-1
133	133	1
134	56	-1
134	134	1
135	57	-1
135	135	1
136	58	-1
136	136	1
137	59	-1
137	137	1
138	60	-1
138	138	1
139	61	-1
139	139	1
140	62	-1
140	140	1
141	63	-1
141	141	1
142	64	-1
142	142	1
143	65	-1
143	143	1
144	66	-1
144	144	1
145	67	-1
145	145	1
146	68	-1
146	146	1
147	69	-1
147	147	1
148	70	-1
148	148	1
149	71	-1
149	149	1
150	72	-1
150	150	1
151	73	-1
151	151	1
152	74	-1
152	152	1
153	75	-1
153	153	1
154	76	-1
154	154	1
155	77	-1
155	155	1
156	78	-1
156	156	1
157	82	-1
158	81	-1
159	81	-1
159	82	-1
159	104	-1
160	80	-1
161	80	-1
161	82	-1
161	103	-1
162	80	-1
162	81	-1
162	102	-1
163	80	-1
163	81	-1
163	82	-1
163	102	-1
163	103	-1
163	104	-1
163	156	-1
164	79	-1
165	79	-1
165	82	-1
165	101	-1
166	79	-1
166	81	-1
166	100	-1
167	79	-1
167	81	-1
167	82	-1
167	100	-1
167	101	-1
167	104	-1
167	155	-1
168	79	-1
168	80	-1
168	99	-1
169	79	-1
169	80	-1
169	82	-1
169	99	-1
169	101	-1
169	103	-1
169	154	-1
170	79	-1
170	80	-1
170	81	-1
170	99	-1
170	100	-1
170	102	-1
170	153	-1
171	79	-1
171	80	-1
171	81	-1
171	82	-1
171	99	-1
171	100	-1
171	101	-1
171	102	-1
171	103	-1
171	104	-1
171	153	-1
171	154	-1
171	155	-1
171	156	-1
172	82	-1
172	98	-1
173	81	-1
173	97	-1
174	81	-1
174	82	-1
174	97	-1
174	98	-1
174	104	-1
174	152	-1
175	80	-1
175	96	-1
176	80	-1
176	82	-1
176	96	-1
176	98	-1
176	103	-1
176	151	-1
177	80	-1
177	81	-1
177	96	-1
177	97	-1
177	102	-1
177	150	-1
178	80	-1
178	81	-1
178	82	-1
178	96	-1
178	97	-1
178	98	-1
178	102	-1
178	103	-1
178	104	-1
178	150	-1
178	151	-1
178	152	-1
178	156	-1
179	79	-1
179	95	-1
180	79	-1
180	82	-1
180	95	-1
180	98	-1
180	101	-1
180	149	-1
181	79	-1
181	81	-1
181	95	-1
181	97	-1
181	100	-1
181	148	-1
182	79	-1
182	81	-1
182	82	-1
182	95	-1
182	97	-1
182	98	-1
182	100	-1
182	101	-1
182	104	-1
182	148	-1
182	149	-1
182	152	-1
182	155	-1
183	79	-1
183	80	-1
183	95	-1
183	96	-1
183	99	-1
183	147	-1
184	79	-1
184	80	-1
184	82	-1
184	95	-1
184	96	-1
184	98	-1
184	99	-1
184	101	-1
184	103	-1
184	147	-1
184	149	-1
184	151	-1
184	154	-1
185	79	-1
185	80	-1
185	81	-1
185	95	-1
185	96	-1
185	97	-1
185	99	-1
185	100	-1
185	102	-1
185	147	-1
185	148	-1
185	150	-1
185	153	-1
186	79	-1
186	80	-1
186	81	-1
186	82	-1
186	95	-1
186	96	-1
186	97	-1
186	98	-1
186	99	-1
186	100	-1
186	101	-1
186	102	-1
186	103	-1
186	104	-1
186	147	-1
186	148	-1
186	149	-1
186	150	-1
186	151	-1
186	152	-1
186	153	-1
186	154	-1
186	155	-1
186	156	-1
187	82	-1
187	94	-1
188	81	-1
188	93	-1
189	81	-1
189	82	-1
189	93	-1
189	94	-1
189	104	-1
189	146	-1
190	80	-1
190	92	-1
191	80	-1
191	82	-1
191	92	-1
191	94	-1
191	103	-1
191	145	-1
192	80	-1
192	81	-1
192	92	-1
192	93	-1
192	102	-1
192	144	-1
193	80	-1
193	81	-1
193	82	-1
193	92	-1
193	93	-1
193	94	-1
193	102	-1
193	103	-1
193	104	-1
193	144	-1
193	145	-1
193	146	-1
193	156	-1
194	79	-1
194	91	-1
195	79	-1
195	82	-1
195	91	-1
195	94	-1
195	101	-1
195	143	-1
196	79	-1
196	81	-1
196	91	-1
196	93	-1
196	100	-1
196	142	-1
197	79	-1
197	81	-1
197	82	-1
197	91	-1
197	93	-1
197	94	-1
197	100	-1
197	101	-1
197	104	-1
197	142	-1
197	143	-1
197	146	-1
197	155	-1
198	79	-1
198	80	-1
198	91	-1
198	92	-1
198	99	-1
198	141	-1
199	79	-1
199	80	-1
199	82	-1
199	91	-1
199	92	-1
199	94	-1
199	99	-1
199	101	-1
199	103	-1
199	141	-1
199	143	-1
199	145	-1
199	154	-1
200	79	-1
200	80	-1
200	81	-1
200	91	-1
200	92	-1
200	93	-1
200	99	-1
200	100	-1
200	102	-1
200	141	-1
200	142	-1
200	144	-1
200	153	-1
201	79	-1
201	80	-1
201	81	-1
201	82	-1
201	91	-1
201	92	-1
201	93	-1
201	94	-1
201	99	-1
201	100	-1
201	101	-1
201	102	-1
201	103	-1
201	104	-1
201	141	-1
201	142	-1
201	143	-1
201	144	-1
201	145	-1
201	146	-1
201	153	-1
201	154	-1
201	155	-1
201	156	-1
202	82	-1
202	94	-1
202	98	-1
202	140	-1
203	81	-1
203	93	-1
203	97	-1
203	139	-1
204	81	-1
204	82	-1
204	93	-1
204	94	-1
204	97	-1
204	98	-1
204	104	-1
204	139	-1
204	140	-1
204	146	-1
204	152	-1
205	80	-1
205	92	-1
205	96	-1
205	138	-1
206	80	-1
206	82	-1
206	92	-1
206	94	-1
206	96	-1
206	98	-1
206	103	-1
206	138	-1
206	140	-1
206	145	-1
206	151	-1
207	80	-1
207	81	-1
207	92	-1
207	93	-1
207	96	-1
207	97	-1
207	102	-1
207	138	-1
207	139	-1
207	144	-1
207	150	-1
208	80	-1
208	81	-1
208	82	-1
208	92	-1
208	93	-1
208	94	-1
208	96	-1
208	97	-1
208	98	-1
208	102	-1
208	103	-1
208	104	-1
208	138	-1
208	139	-1
208	140	-1
208	144	-1
208	145	-1
208	146	-1
208	150	-1
208	151	-1
208	152	-1
208	156	-1
209	79	-1
209	91	-1
209	95	-1
209	137	-1
210	79	-1
210	82	-1
210	91	-1
210	94	-1
210	95	-1
210	98	-1
210	101	-1
210	137	-1
210	140	-1
210	143	-1
210	149	-1
211	79	-1
211	81	-1
211	91	-1
211	93	-1
211	95	-1
211	97	-1
211	100	-1
211	137	-1
211	139	-1
211	142	-1
211	148	-1
212	79	-1
212	81	-1
212	82	-1
212	91	-1
212	93	-1
212	94	-1
212	95	-1
212	97	-1
212	98	-1
212	100	-1
212	101	-1
212	104	-1
212	137	-1
212	139	-1
212	140	-1
212	142	-1
212	143	-1
212	146	-1
212	148	-1
212	149	-1
212	152	-1
212	155	-1
213	79	-1
213	80	-1
213	91	-1
213	92	-1
213	95	-1
213	96	-1
213	99	-1
213	137	-1
213	138	-1
213	141	-1
213	147	-1
214	79	-1
214	80	-1
214	82	-1
214	91	-1
214	92	-1
214	94	-1
214	95	-1
214	96	-1
214	98	-1
214	99	-1
214	101	-1
214	103	-1
214	137	-1
214	138	-1
214	140	-1
214	141	-1
214	143	-1
214	145	-1
214	147	-1
214	149	-1
214	151	-1
214	154	-1
215	79	-1
215	80	-1
215	81	-1
215	91	-1
215	92	-1
215	93	-1
215	95	-1
215	96	-1
215	97	-1
215	99	-1
215	100	-1
215	102	-1
215	137	-1
215	138	-1
215	139	-1
215	141	-1
215	142	-1
215	144	-1
215	147	-1
215	148	-1
215	150	-1
215	153	-1
216	79	-1
216	80	-1
216	81	-1
216	82	-1
216	91	-1
216	92	-1
216	93	-1
216	94	-1
216	95	-1
216	96	-1
216	97	-1
216	98	-1
216	99	-1
216	100	-1
216	101	-1
216	102	-1
216	103	-1
216	104	-1
216	137	-1
216	138	-1
216	139	-1
216	140	-1
216	141	-1
216	142	-1
216	143	-1
216	144	-1
216	145	-1
216	146	-1
216	147	-1
216	148	-1
216	149	-1
216	150	-1
216	151	-1
216	152	-1
216	153	-1
216	154	-1
216	155	-1
216	156	-1
217	82	-1
217	90	-1
218	81	-1
218	89	-1
219	81	-1
219	82	-1
219	89	-1
219	90	-1
219	104	-1
219	136	-1
220	80	-1
220	88	-1
221	80	-1
221	82	-1
221	88	-1
221	90	-1
221	103	-1
221	135	-1
222	80	-1
222	81	-1
222	88	-1
222	89	-1
222	102	-1
222	134	-1
223	80	-1
223	81	-1
223	82	-1
223	88	-1
223	89	-1
223	90	-1
223	102	-1
223	103	-1
223	104	-1
223	134	-1
223	135	-1
223	136	-1
223	156	-1
224	79	-1
224	87	-1
225	79	-1
225	82	-1
225	87	-1
225	90	-1
225	101	-1
225	133	-1
226	79	-1
226	81	-1
226	87	-1
226	89	-1
226	100	-1
226	132	-1
227	79	-1
227	81	-1
227	82	-1
227	87	-1
227	89	-1
227	90	-1
227	100	-1
227	101	-1
227	104	-1
227	132	-1
227	133	-1
227	136	-1
227	155	-1
228	79	-1
228	80	-1
228	87	-1
228	88	-1
228	99	-1
228	131	-1
229	79	-1
229	80	-1
229	82	-1
229	87	-1
229	88	-1
229	90	-1
229	99	-1
229	101	-1
229	103	-1
229	131	-1
229	133	-1
229	135	-1
229	154	-1
230	79	-1
230	80	-1
230	81	-1
230	87	-1
230	88	-1
230	89	-1
230	99	-1
230	100	-1
230	102	-1
230	131	-1
230	132	-1
230	134	-1
230	153	-1
231	79	-1
231	80	-1
231	81	-1
231	82	-1
231	87	-1
231	88	-1
231	89	-1
231	90	-1
231	99	-1
231	100	-1
231	101	-1
231	102	-1
231	103	-1
231	104	-1
231	131	-1
231	132	-1
231	133	-1
231	134	-1
231	135	-1
231	136	-1
231	153	-1
231	154	-1
231	155	-1
231	156	-1
232	82	1
232	90	1
232	98	1
232	130	1
233	81	-1
233	82	1
233	89	-1
233	90	1
233	97	-1
233	98	1
233	129	-1
233	130	1
234	81	-1
234	89	-1
234	97	-1
234	104	-1
234	129	-1
234	136	-1
234	152	-1
235	80	-1
235	82	1
235	88	-1
235	90	1
235	96	-1
235	98	1
235	128	-1
235	130	1
236	80	-1
236	88	-1
236	96	-1
236	103	-1
236	128	-1
236	135	-1
236	151	-1
237	80	-1
237	81	-1
237	82	1
237	88	-1
237	89	-1
237	90	1
237	96	-1
237	97	-1
237	98	1
237	102	-1
237	128	-1
237	129	-1
237	130	1
237	134	-1
237	150	-1
238	80	-1
238	81	-1
238	88	-1
238	89	-1
238	96	-1
238	97	-1
238	102	-1
238	103	-1
238	104	-1
238	128	-1
238	129	-1
238	134	-1
238	135	-1
238	136	-1
238	150	-1
238	151	-1
238	152	-1
238	156	-1
239	79	-1
239	82	1
239	87	-1
239	90	1
239	95	-1
239	98	1
239	127	-1
239	130	1
240	79	-1
240	87	-1
240	95	-1
240	101	-1
240	127	-1
240	133	-1
240	149	-1
241	79	-1
241	81	-1
241	82	1
241	87	-1
241	89	-1
241	90	1
241	95	-1
241	97	-1
241	98	1
241	100	-1
241	127	-1
241	129	-1
241	130	1
241	132	-1
241	148	-1
242	79	-1
242	81	-1
242	87	-1
242	89	-1
242	95	-1
242	97	-1
242	100	-1
242	101	-1
242	104	-1
242	127	-1
242	129	-1
242	132	-1
242	133	-1
242	136	-1
242	148	-1
242	149	-1
242	152	-1
242	155	-1
243	79	-1
243	80	-1
243	82	1
243	87	-1
243	88	-1
243	90	1
243	95	-1
243	96	-1
243	98	1
243	99	-1
243	127	-1
243	128	-1
243	130	1
243	131	-1
243	147	-1
244	79	-1
244	80	-1
244	87	-1
244	88	-1
244	95	-1
244	96	-1
244	99	-1
244	101	-1
244	103	-1
244	127	-1
244	128	-1
244	131	-1
244	133	-1
244	135	-1
244	147	-1
244	149	-1
244	151	-1
244	154	-1
245	79	-1
245	80	-1
245	81	-1
245	82	1
245	87	-1
245	88	-1
245	89	-1
245	90	1
245	95	-1
245	96	-1
245	97	-1
245	98	1
245	99	-1
245	100	-1
245	102	-1
245	127	-1
245	128	-1
245	129	-1
245	130	1
245	131	-1
245	132	-1
245	134	-1
245	147	-1
245	148	-1
245	150	-1
245	153	-1
246	79	-1
246	80	-1
246	81	-1
246	87	-1
246	88	-1
246	89	-1
246	95	-1
246	96	-1
246	97	-1
246	99	-1
246	100	-1
246	101	-1
246	102	-1
246	103	-1
246	104	-1
246	127	-1
246	128	-1
246	129	-1
246	131	-1
246	132	-1
246	133	-1
246	134	-1
246	135	-1
246	136	-1
246	147	-1
246	148	-1
246	149	-1
246	150	-1
246	151	-1
246	152	-1
246	153	-1
246	154	-1
246	155	-1
246	156	-1
247	81	1
247	89	1
247	93	1
247	125	1
248	81	1
248	82	-1
248	89	1
248	90	-1
248	93	1
248	94	-1
248	125	1
248	126	-1
249	82	-1
249	90	-1
249	94	-1
249	104	-1
249	126	-1
249	136	-1
249	146	-1
250	80	-1
250	81	1
250	88	-1
250	89	1
250	92	-1
250	93	1
250	124	-1
250	125	1
251	80	-1
251	81	1
251	82	-1
251	88	-1
251	89	1
251	90	-1
251	92	-1
251	93	1
251	94	-1
251	103	-1
251	124	-1
251	125	1
251	126	-1
251	135	-1
251	145	-1
252	80	-1
252	88	-1
252	92	-1
252	102	-1
252	124	-1
252	134	-1
252	144	-1
253	80	-1
253	82	-1
253	88	-1
253	90	-1
253	92	-1
253	94	-1
253	102	-1
253	103	-1
253	104	-1
253	124	-1
253	126	-1
253	134	-1
253	135	-1
253	136	-1
253	144	-1
253	145	-1
253	146	-1
253	156	-1
254	79	-1
254	81	1
254	87	-1
254	89	1
254	91	-1
254	93	1
254	123	-1
254	125	1
255	79	-1
255	81	1
255	82	-1
255	87	-1
255	89	1
255	90	-1
255	91	-1
255	93	1
255	94	-1
255	101	-1
255	123	-1
255	125	1
255	126	-1
255	133	-1
255	143	-1
256	79	-1
256	87	-1
256	91	-1
256	100	-1
256	123	-1
256	132	-1
256	142	-1
257	79	-1
257	82	-1
257	87	-1
257	90	-1
257	91	-1
257	94	-1
257	100	-1
257	101	-1
257	104	-1
257	123	-1
257	126	-1
257	132	-1
257	133	-1
257	136	-1
257	142	-1
257	143	-1
257	146	-1
257	155	-1
258	79	-1
258	80	-1
258	81	1
258	87	-1
258	88	-1
258	89	1
258	91	-1
258	92	-1
258	93	1
258	99	-1
258	123	-1
258	124	-1
258	125	1
258	131	-1
258	141	-1
259	79	-1
259	80	-1
259	81	1
259	82	-1
259	87	-1
259	88	-1
259	89	1
259	90	-1
259	91	-1
259	92	-1
259	93	1
259	94	-1
259	99	-1
259	101	-1
259	103	-1
259	123	-1
259	124	-1
259	125	1
259	126	-1
259	131	-1
259	133	-1
259	135	-1
259	141	-1
259	143	-1
259	145	-1
259	154	-1
260	79	-1
260	80	-1
260	87	-1
260	88	-1
260	91	-1
260	92	-1
260	99	-1
260	100	-1
260	102	-1
260	123	-1
260	124	-1
260	131	-1
260	132	-1
260	134	-1
260	141	-1
260	142	-1
260	144	-1
260	153	-1
261	79	-1
261	80	-1
261	82	-1
261	87	-1
261	88	-1
261	90	-1
261	91	-1
261	92	-1
261	94	-1
261	99	-1
261	100	-1
261	101	-1
261	102	-1
261	103	-1
261	104	-1
261	123	-1
261	124	-1
261	126	-1
261	131	-1
261	132	-1
261	133	-1
261	134	-1
261	135	-1
261	136	-1
261	141	-1
261	142	-1
261	143	-1
261	144	-1
261	145	-1
261	146	-1
261	153	-1
261	154	-1
261	155	-1
261	156	-1
262	81	1
262	82	1
262	89	1
262	90	1
262	93	1
262	94	1
262	97	1
262	98	1
262	104	1
262	125	1
262	126	1
262	129	1
262	130	1
262	136	1
262	139	1
262	140	1
262	146	1
262	152	1
263	81	1
263	89	1
263	93	1
263	97	1
263	104	1
263	125	1
263	129	1
263	136	1
263	139	1
263	146	1
263	152	1
264	82	1
264	90	1
264	94	1
264	98	1
264	104	1
264	126	1
264	130	1
264	136	1
264	140	1
264	146	1
264	152	1
265	80	-1
265	81	1
265	82	1
265	88	-1
265	89	1
265	90	1
265	92	-1
265	93	1
265	94	1
265	96	-1
265	97	1
265	98	1
265	104	1
265	124	-1
265	125	1
265	126	1
265	128	-1
265	129	1
265	130	1
265	136	1
265	138	-1
265	139	1
265	140	1
265	146	1
265	152	1
266	80	-1
266	81	1
266	88	-1
266	89	1
266	92	-1
266	93	1
266	96	-1
266	97	1
266	103	-1
266	104	1
266	124	-1
266	125	1
266	128	-1
266	129	1
266	135	-1
266	136	1
266	138	-1
266	139	1
266	145	-1
266	146	1
266	151	-1
266	152	1
267	80	-1
267	82	1
267	88	-1
267	90	1
267	92	-1
267	94	1
267	96	-1
267	98	1
267	102	-1
267	104	1
267	124	-1
267	126	1
267	128	-1
267	130	1
267	134	-1
267	136	1
267	138	-1
267	140	1
267	144	-1
267	146	1
267	150	-1
267	152	1
268	80	-1
268	88	-1
268	92	-1
268	96	-1
268	102	-1
268	103	-1
268	124	-1
268	128	-1
268	134	-1
268	135	-1
268	138	-1
268	144	-1
268	145	-1
268	150	-1
268	151	-1
268	156	-1
269	79	-1
269	81	1
269	82	1
269	87	-1
269	89	1
269	90	1
269	91	-1
269	93	1
269	94	1
269	95	-1
269	97	1
269	98	1
269	104	1
269	123	-1
269	125	1
269	126	1
269	127	-1
269	129	1
269	130	1
269	136	1
269	137	-1
269	139	1
269	140	1
269	146	1
269	152	1
270	79	-1
270	81	1
270	87	-1
270	89	1
270	91	-1
270	93	1
270	95	-1
270	97	1
270	101	-1
270	104	1
270	123	-1
270	125	1
270	127	-1
270	129	1
270	133	-1
270	136	1
270	137	-1
270	139	1
270	143	-1
270	146	1
270	149	-1
270	152	1
271	79	-1
271	82	1
271	87	-1
271	90	1
271	91	-1
271	94	1
271	95	-1
271	98	1
271	100	-1
271	104	1
271	123	-1
271	126	1
271	127	-1
271	130	1
271	132	-1
271	136	1
271	137	-1
271	140	1
271	142	-1
271	146	1
271	148	-1
271	152	1
272	79	-1
272	87	-1
272	91	-1
272	95	-1
272	100	-1
272	101	-1
272	123	-1
272	127	-1
272	132	-1
272	133	-1
272	137	-1
272	142	-1
272	143	-1
272	148	-1
272	149	-1
272	155	-1
273	79	-1
273	80	-1
273	81	1
273	82	1
273	87	-1
273	88	-1
273	89	1
273	90	1
273	91	-1
273	92	-1
273	93	1
273	94	1
273	95	-1
273	96	-1
273	97	1
273	98	1
273	99	-1
273	104	1
273	123	-1
273	124	-1
273	125	1
273	126	1
273	127	-1
273	128	-1
273	129	1
273	130	1
273	131	-1
273	136	1
273	137	-1
273	138	-1
273	139	1
273	140	1
273	141	-1
273	146	1
273	147	-1
273	152	1
274	79	-1
274	80	-1
274	81	1
274	87	-1
274	88	-1
274	89	1
274	91	-1
274	92	-1
274	93	1
274	95	-1
274	96	-1
274	97	1
274	99	-1
274	101	-1
274	103	-1
274	104	1
274	123	-1
274	124	-1
274	125	1
274	127	-1
274	128	-1
274	129	1
274	131	-1
274	133	-1
274	135	-1
274	136	1
274	137	-1
274	138	-1
274	139	1
274	141	-1
274	143	-1
274	145	-1
274	146	1
274	147	-1
274	149	-1
274	151	-1
274	152	1
274	154	-1
275	79	-1
275	80	-1
275	82	1
275	87	-1
275	88	-1
275	90	1
275	91	-1
275	92	-1
275	94	1
275	95	-1
275	96	-1
275	98	1
275	99	-1
275	100	-1
275	102	-1
275	104	1
275	123	-1
275	124	-1
275	126	1
275	127	-1
275	128	-1
275	130	1
275	131	-1
275	132	-1
275	134	-1
275	136	1
275	137	-1
275	138	-1
275	140	1
275	141	-1
275	142	-1
275	144	-1
275	146	1
275	147	-1
275	148	-1
275	150	-1
275	152	1
275	153	-1
276	79	-1
276	80	-1
276	87	-1
276	88	-1
276	91	-1
276	92	-1
276	95	-1
276	96	-1
276	99	-1
276	100	-1
276	101	-1
276	102	-1
276	103	-1
276	123	-1
276	124	-1
276	127	-1
276	128	-1
276	131	-1
276	132	-1
276	133	-1
276	134	-1
276	135	-1
276	137	-1
276	138	-1
276	141	-1
276	142	-1
276	143	-1
276	144	-1
276	145	-1
276	147	-1
276	148	-1
276	149	-1
276	150	-1
276	151	-1
276	153	-1
276	154	-1
276	155	-1
276	156	-1
277	82	-1
277	86	-1
278	81	-1
278	85	-1
279	81	-1
279	82	-1
279	85	-1
279	86	-1
279	104	-1
279	122	-1
280	80	-1
280	84	-1
281	80	-1
281	82	-1
281	84	-1
281	86	-1
281	103	-1
281	121	-1
282	80	-1
282	81	-1
282	84	-1
282	85	-1
282	102	-1
282	120	-1
283	80	-1
283	81	-1
283	82	-1
283	84	-1
283	85	-1
283	86	-1
283	102	-1
283	103	-1
283	104	-1
283	120	-1
283	121	-1
283	122	-1
283	156	-1
284	79	-1
284	83	-1
285	79	-1
285	82	-1
285	83	-1
285	86	-1
285	101	-1
285	119	-1
286	79	-1
286	81	-1
286	83	-1
286	85	-1
286	100	-1
286	118	-1
287	79	-1
287	81	-1
287	82	-1
287	83	-1
287	85	-1
287	86	-1
287	100	-1
287	101	-1
287	104	-1
287	118	-1
287	119	-1
287	122	-1
287	155	-1
288	79	-1
288	80	-1
288	83	-1
288	84	-1
288	99	-1
288	117	-1
289	79	-1
289	80	-1
289	82	-1
289	83	-1
289	84	-1
289	86	-1
289	99	-1
289	101	-1
289	103	-1
289	117	-1
289	119	-1
289	121	-1
289	154	-1
290	79	-1
290	80	-1
290	81	-1
290	83	-1
290	84	-1
290	85	-1
290	99	-1
290	100	-1
290	102	-1
290	117	-1
290	118	-1
290	120	-1
290	153	-1
291	79	-1
291	80	-1
291	81	-1
291	82	-1
291	83	-1
291	84	-1
291	85	-1
291	86	-1
291	99	-1
291	100	-1
291	101	-1
291	102	-1
291	103	-1
291	104	-1
291	117	-1
291	118	-1
291	119	-1
291	120	-1
291	121	-1
291	122	-1
291	153	-1
291	154	-1
291	155	-1
291	156	-1
292	81	1
292	85	1
292	97	1
292	115	1
293	81	1
293	82	-1
293	85	1
293	86	-1
293	97	1
293	98	-1
293	115	1
293	116	-1
294	82	-1
294	86	-1
294	98	-1
294	104	-1
294	116	-1
294	122	-1
294	152	-1
295	80	-1
295	81	1
295	84	-1
295	85	1
295	96	-1
295	97	1
295	114	-1
295	115	1
296	80	-1
296	81	1
296	82	-1
296	84	-1
296	85	1
296	86	-1
296	96	-1
296	97	1
296	98	-1
296	103	-1
296	114	-1
296	115	1
296	116	-1
296	121	-1
296	151	-1
297	80	-1
297	84	-1
297	96	-1
297	102	-1
297	114	-1
297	120	-1
297	150	-1
298	80	-1
298	82	-1
298	84	-1
298	86	-1
298	96	-1
298	98	-1
298	102	-1
298	103	-1
298	104	-1
298	114	-1
298	116	-1
298	120	-1
298	121	-1
298	122	-1
298	150	-1
298	151	-1
298	152	-1
298	156	-1
299	79	-1
299	81	1
299	83	-1
299	85	1
299	95	-1
299	97	1
299	113	-1
299	115	1
300	79	-1
300	81	1
300	82	-1
300	83	-1
300	85	1
300	86	-1
300	95	-1
300	97	1
300	98	-1
300	101	-1
300	113	-1
300	115	1
300	116	-1
300	119	-1
300	149	-1
301	79	-1
301	83	-1
301	95	-1
301	100	-1
301	113	-1
301	118	-1
301	148	-1
302	79	-1
302	82	-1
302	83	-1
302	86	-1
302	95	-1
302	98	-1
302	100	-1
302	101	-1
302	104	-1
302	113	-1
302	116	-1
302	118	-1
302	119	-1
302	122	-1
302	148	-1
302	149	-1
302	152	-1
302	155	-1
303	79	-1
303	80	-1
303	81	1
303	83	-1
303	84	-1
303	85	1
303	95	-1
303	96	-1
303	97	1
303	99	-1
303	113	-1
303	114	-1
303	115	1
303	117	-1
303	147	-1
304	79	-1
304	80	-1
304	81	1
304	82	-1
304	83	-1
304	84	-1
304	85	1
304	86	-1
304	95	-1
304	96	-1
304	97	1
304	98	-1
304	99	-1
304	101	-1
304	103	-1
304	113	-1
304	114	-1
304	115	1
304	116	-1
304	117	-1
304	119	-1
304	121	-1
304	147	-1
304	149	-1
304	151	-1
304	154	-1
305	79	-1
305	80	-1
305	83	-1
305	84	-1
305	95	-1
305	96	-1
305	99	-1
305	100	-1
305	102	-1
305	113	-1
305	114	-1
305	117	-1
305	118	-1
305	120	-1
305	147	-1
305	148	-1
305	150	-1
305	153	-1
306	79	-1
306	80	-1
306	82	-1
306	83	-1
306	84	-1
306	86	-1
306	95	-1
306	96	-1
306	98	-1
306	99	-1
306	100	-1
306	101	-1
306	102	-1
306	103	-1
306	104	-1
306	113	-1
306	114	-1
306	116	-1
306	117	-1
306	118	-1
306	119	-1
306	120	-1
306	121	-1
306	122	-1
306	147	-1
306	148	-1
306	149	-1
306	150	-1
306	151	-1
306	152	-1
306	153	-1
306	154	-1
306	155	-1
306	156	-1
307	80	1
307	84	1
307	92	1
307	110	1
308	80	1
308	82	-1
308	84	1
308	86	-1
308	92	1
308	94	-1
308	110	1
308	112	-1
309	80	1
309	81	-1
309	84	1
309	85	-1
309	92	1
309	93	-1
309	110	1
309	111	-1
310	80	1
310	81	-1
310	82	-1
310	84	1
310	85	-1
310	86	-1
310	92	1
310	93	-1
310	94	-1
310	104	-1
310	110	1
310	111	-1
310	112	-1
310	122	-1
310	146	-1
311	82	-1
311	86	-1
311	94	-1
311	103	-1
311	112	-1
311	121	-1
311	145	-1
312	81	-1
312	85	-1
312	93	-1
312	102	-1
312	111	-1
312	120	-1
312	144	-1
313	81	-1
313	82	-1
313	85	-1
313	86	-1
313	93	-1
313	94	-1
313	102	-1
313	103	-1
313	104	-1
313	111	-1
313	112	-1
313	120	-1
313	121	-1
313	122	-1
313	144	-1
313	145	-1
313	146	-1
313	156	-1
314	79	-1
314	80	1
314	83	-1
314	84	1
314	91	-1
314	92	1
314	109	-1
314	110	1
315	79	-1
315	80	1
315	82	-1
315	83	-1
315	84	1
315	86	-1
315	91	-1
315	92	1
315	94	-1
315	101	-1
315	109	-1
315	110	1
315	112	-1
315	119	-1
315	143	-1
316	79	-1
316	80	1
316	81	-1
316	83	-1
316	84	1
316	85	-1
316	91	-1
316	92	1
316	93	-1
316	100	-1
316	109	-1
316	110	1
316	111	-1
316	118	-1
316	142	-1
317	79	-1
317	80	1
317	81	-1
317	82	-1
317	83	-1
317	84	1
317	85	-1
317	86	-1
317	91	-1
317	92	1
317	93	-1
317	94	-1
317	100	-1
317	101	-1
317	104	-1
317	109	-1
317	110	1
317	111	-1
317	112	-1
317	118	-1
317	119	-1
317	122	-1
317	142	-1
317	143	-1
317	146	-1
317	155	-1
318	79	-1
318	83	-1
318	91	-1
318	99	-1
318	109	-1
318	117	-1
318	141	-1
319	79	-1
319	82	-1
319	83	-1
319	86	-1
319	91	-1
319	94	-1
319	99	-1
319	101	-1
319	103	-1
319	109	-1
319	112	-1
319	117	-1
319	119	-1
319	121	-1
319	141	-1
319	143	-1
319	145	-1
319	154	-1
320	79	-1
320	81	-1
320	83	-1
320	85	-1
320	91	-1
320	93	-1
320	99	-1
320	100	-1
320	102	-1
320	109	-1
320	111	-1
320	117	-1
320	118	-1
320	120	-1
320	141	-1
320	142	-1
320	144	-1
320	153	-1
321	79	-1
321	81	-1
321	82	-1
321	83	-1
321	85	-1
321	86	-1
321	91	-1
321	93	-1
321	94	-1
321	99	-1
321	100	-1
321	101	-1
321	102	-1
321	103	-1
321	104	-1
321	109	-1
321	111	-1
321	112	-1
321	117	-1
321	118	-1
321	119	-1
321	120	-1
321	121	-1
321	122	-1
321	141	-1
321	142	-1
321	143	-1
321	144	-1
321	145	-1
321	146	-1
321	153	-1
321	154	-1
321	155	-1
321	156	-1
322	80	1
322	81	1
322	84	1
322	85	1
322	92	1
322	93	1
322	96	1
322	97	1
322	102	1
322	110	1
322	111	1
322	114	1
322	115	1
322	120	1
322	138	1
322	139	1
322	144	1
322	150	1
323	80	1
323	81	1
323	82	-1
323	84	1
323	85	1
323	86	-1
323	92	1
323	93	1
323	94	-1
323	96	1
323	97	1
323	98	-1
323	102	1
323	110	1
323	111	1
323	112	-1
323	114	1
323	115	1
323	116	-1
323	120	1
323	138	1
323	139	1
323	140	-1
323	144	1
323	150	1
324	80	1
324	84	1
324	92	1
324	96	1
324	102	1
324	110	1
324	114	1
324	120	1
324	138	1
324	144	1
324	150	1
325	80	1
325	82	-1
325	84	1
325	86	-1
325	92	1
325	94	-1
325	96	1
325	98	-1
325	102	1
325	104	-1
325	110	1
325	112	-1
325	114	1
325	116	-1
325	120	1
325	122	-1
325	138	1
325	140	-1
325	144	1
325	146	-1
325	150	1
325	152	-1
326	81	1
326	85	1
326	93	1
326	97	1
326	102	1
326	111	1
326	115	1
326	120	1
326	139	1
326	144	1
326	150	1
327	81	1
327	82	-1
327	85	1
327	86	-1
327	93	1
327	94	-1
327	97	1
327	98	-1
327	102	1
327	103	-1
327	111	1
327	112	-1
327	115	1
327	116	-1
327	120	1
327	121	-1
327	139	1
327	140	-1
327	144	1
327	145	-1
327	150	1
327	151	-1
328	82	-1
328	86	-1
328	94	-1
328	98	-1
328	103	-1
328	104	-1
328	112	-1
328	116	-1
328	121	-1
328	122	-1
328	140	-1
328	145	-1
328	146	-1
328	151	-1
328	152	-1
328	156	-1
329	79	-1
329	80	1
329	81	1
329	83	-1
329	84	1
329	85	1
329	91	-1
329	92	1
329	93	1
329	95	-1
329	96	1
329	97	1
329	102	1
329	109	-1
329	110	1
329	111	1
329	113	-1
329	114	1
329	115	1
329	120	1
329	137	-1
329	138	1
329	139	1
329	144	1
329	150	1
330	79	-1
330	80	1
330	81	1
330	82	-1
330	83	-1
330	84	1
330	85	1
330	86	-1
330	91	-1
330	92	1
330	93	1
330	94	-1
330	95	-1
330	96	1
330	97	1
330	98	-1
330	101	-1
330	102	1
330	109	-1
330	110	1
330	111	1
330	112	-1
330	113	-1
330	114	1
330	115	1
330	116	-1
330	119	-1
330	120	1
330	137	-1
330	138	1
330	139	1
330	140	-1
330	143	-1
330	144	1
330	149	-1
330	150	1
331	79	-1
331	80	1
331	83	-1
331	84	1
331	91	-1
331	92	1
331	95	-1
331	96	1
331	100	-1
331	102	1
331	109	-1
331	110	1
331	113	-1
331	114	1
331	118	-1
331	120	1
331	137	-1
331	138	1
331	142	-1
331	144	1
331	148	-1
331	150	1
332	79	-1
332	80	1
332	82	-1
332	83	-1
332	84	1
332	86	-1
332	91	-1
332	92	1
332	94	-1
332	95	-1
332	96	1
332	98	-1
332	100	-1
332	101	-1
332	102	1
332	104	-1
332	109	-1
332	110	1
332	112	-1
332	113	-1
332	114	1
332	116	-1
332	118	-1
332	119	-1
332	120	1
332	122	-1
332	137	-1
332	138	1
332	140	-1
332	142	-1
332	143	-1
332	144	1
332	146	-1
332	148	-1
332	149	-1
332	150	1
332	152	-1
332	155	-1
333	79	-1
333	81	1
333	83	-1
333	85	1
333	91	-1
333	93	1
333	95	-1
333	97	1
333	99	-1
333	102	1
333	109	-1
333	111	1
333	113	-1
333	115	1
333	117	-1
333	120	1
333	137	-1
333	139	1
333	141	-1
333	144	1
333	147	-1
333	150	1
334	79	-1
334	81	1
334	82	-1
334	83	-1
334	85	1
334	86	-1
334	91	-1
334	93	1
334	94	-1
334	95	-1
334	97	1
334	98	-1
334	99	-1
334	101	-1
334	102	1
334	103	-1
334	109	-1
334	111	1
334	112	-1
334	113	-1
334	115	1
334	116	-1
334	117	-1
334	119	-1
334	120	1
334	121	-1
334	137	-1
334	139	1
334	140	-1
334	141	-1
334	143	-1
334	144	1
334	145	-1
334	147	-1
334	149	-1
334	150	1
334	151	-1
334	154	-1
335	79	-1
335	83	-1
335	91	-1
335	95	-1
335	99	-1
335	100	-1
335	109	-1
335	113	-1
335	117	-1
335	118	-1
335	137	-1
335	141	-1
335	142	-1
335	147	-1
335	148	-1
335	153	-1
336	79	-1
336	82	-1
336	83	-1
336	86	-1
336	91	-1
336	94	-1
336	95	-1
336	98	-1
336	99	-1
336	100	-1
336	101	-1
336	103	-1
336	104	-1
336	109	-1
336	112	-1
336	113	-1
336	116	-1
336	117	-1
336	118	-1
336	119	-1
336	121	-1
336	122	-1
336	137	-1
336	140	-1
336	141	-1
336	142	-1
336	143	-1
336	145	-1
336	146	-1
336	147	-1
336	148	-1
336	149	-1
336	151	-1
336	152	-1
336	153	-1
336	154	-1
336	155	-1
336	156	-1
337	82	-1
337	86	-1
337	90	-1
337	108	-1
338	81	-1
338	85	-1
338	89	-1
338	107	-1
339	81	-1
339	82	-1
339	85	-1
339	86	-1
339	89	-1
339	90	-1
339	104	-1
339	107	-1
339	108	-1
339	122	-1
339	136	-1
340	80	-1
340	84	-1
340	88	-1
340	106	-1
341	80	-1
341	82	-1
341	84	-1
341	86	-1
341	88	-1
341	90	-1
341	103	-1
341	106	-1
341	108	-1
341	121	-1
341	135	-1
342	80	-1
342	81	-1
342	84	-1
342	85	-1
342	88	-1
342	89	-1
342	102	-1
342	106	-1
342	107	-1
342	120	-1
342	134	-1
343	80	-1
343	81	-1
343	82	-1
343	84	-1
343	85	-1
343	86	-1
343	88	-1
343	89	-1
343	90	-1
343	102	-1
343	103	-1
343	104	-1
343	106	-1
343	107	-1
343	108	-1
343	120	-1
343	121	-1
343	122	-1
343	134	-1
343	135	-1
343	136	-1
343	156	-1
344	79	-1
344	83	-1
344	87	-1
344	105	-1
345	79	-1
345	82	-1
345	83	-1
345	86	-1
345	87	-1
345	90	-1
345	101	-1
345	105	-1
345	108	-1
345	119	-1
345	133	-1
346	79	-1
346	81	-1
346	83	-1
346	85	-1
346	87	-1
346	89	-1
346	100	-1
346	105	-1
346	107	-1
346	118	-1
346	132	-1
347	79	-1
347	81	-1
347	82	-1
347	83	-1
347	85	-1
347	86	-1
347	87	-1
347	89	-1
347	90	-1
347	100	-1
347	101	-1
347	104	-1
347	105	-1
347	107	-1
347	108	-1
347	118	-1
347	119	-1
347	122	-1
347	132	-1
347	133	-1
347	136	-1
347	155	-1
348	79	-1
348	80	-1
348	83	-1
348	84	-1
348	87	-1
348	88	-1
348	99	-1
348	105	-1
348	106	-1
348	117	-1
348	131	-1
349	79	-1
349	80	-1
349	82	-1
349	83	-1
349	84	-1
349	86	-1
349	87	-1
349	88	-1
349	90	-1
349	99	-1
349	101	-1
349	103	-1
349	105	-1
349	106	-1
349	108	-1
349	117	-1
349	119	-1
349	121	-1
349	131	-1
349	133	-1
349	135	-1
349	154	-1
350	79	-1
350	80	-1
350	81	-1
350	83	-1
350	84	-1
350	85	-1
350	87	-1
350	88	-1
350	89	-1
350	99	-1
350	100	-1
350	102	-1
350	105	-1
350	106	-1
350	107	-1
350	117	-1
350	118	-1
350	120	-1
350	131	-1
350	132	-1
350	134	-1
350	153	-1
351	79	-1
351	80	-1
351	81	-1
351	82	-1
351	83	-1
351	84	-1
351	85	-1
351	86	-1
351	87	-1
351	88	-1
351	89	-1
351	90	-1
351	99	-1
351	100	-1
351	101	-1
351	102	-1
351	103	-1
351	104	-1
351	105	-1
351	106	-1
351	107	-1
351	108	-1
351	117	-1
351	118	-1
351	119	-1
351	120	-1
351	121	-1
351	122	-1
351	131	-1
351	132	-1
351	133	-1
351	134	-1
351	135	-1
351	136	-1
351	153	-1
351	154	-1
351	155	-1
351	156	-1
352	81	1
352	82	1
352	85	1
352	86	1
352	89	1
352	90	1
352	97	1
352	98	1
352	104	1
352	107	1
352	108	1
352	115	1
352	116	1
352	122	1
352	129	1
352	130	1
352	136	1
352	152	1
353	81	1
353	85	1
353	89	1
353	97	1
353	104	1
353	107	1
353	115	1
353	122	1
353	129	1
353	136	1
353	152	1
354	82	1
354	86	1
354	90	1
354	98	1
354	104	1
354	108	1
354	116	1
354	122	1
354	130	1
354	136	1
354	152	1
355	80	-1
355	81	1
355	82	1
355	84	-1
355	85	1
355	86	1
355	88	-1
355	89	1
355	90	1
355	96	-1
355	97	1
355	98	1
355	104	1
355	106	-1
355	107	1
355	108	1
355	114	-1
355	115	1
355	116	1
355	122	1
355	128	-1
355	129	1
355	130	1
355	136	1
355	152	1
356	80	-1
356	81	1
356	84	-1
356	85	1
356	88	-1
356	89	1
356	96	-1
356	97	1
356	103	-1
356	104	1
356	106	-1
356	107	1
356	114	-1
356	115	1
356	121	-1
356	122	1
356	128	-1
356	129	1
356	135	-1
356	136	1
356	151	-1
356	152	1
357	80	-1
357	82	1
357	84	-1
357	86	1
357	88	-1
357	90	1
357	96	-1
357	98	1
357	102	-1
357	104	1
357	106	-1
357	108	1
357	114	-1
357	116	1
357	120	-1
357	122	1
357	128	-1
357	130	1
357	134	-1
357	136	1
357	150	-1
357	152	1
358	80	-1
358	84	-1
358	88	-1
358	96	-1
358	102	-1
358	103	-1
358	106	-1
358	114	-1
358	120	-1
358	121	-1
358	128	-1
358	134	-1
358	135	-1
358	150	-1
358	151	-1
358	156	-1
359	79	-1
359	81	1
359	82	1
359	83	-1
359	85	1
359	86	1
359	87	-1
359	89	1
359	90	1
359	95	-1
359	97	1
359	98	1
359	104	1
359	105	-1
359	107	1
359	108	1
359	113	-1
359	115	1
359	116	1
359	122	1
359	127	-1
359	129	1
359	130	1
359	136	1
359	152	1
360	79	-1
360	81	1
360	83	-1
360	85	1
360	87	-1
360	89	1
360	95	-1
360	97	1
360	101	-1
360	104	1
360	105	-1
360	107	1
360	113	-1
360	115	1
360	119	-1
360	122	1
360	127	-1
360	129	1
360	133	-1
360	136	1
360	149	-1
360	152	1
361	79	-1
361	82	1
361	83	-1
361	86	1
361	87	-1
361	90	1
361	95	-1
361	98	1
361	100	-1
361	104	1
361	105	-1
361	108	1
361	113	-1
361	116	1
361	118	-1
361	122	1
361	127	-1
361	130	1
361	132	-1
361	136	1
361	148	-1
361	152	1
362	79	-1
362	83	-1
362	87	-1
362	95	-1
362	100	-1
362	101	-1
362	105	-1
362	113	-1
362	118	-1
362	119	-1
362	127	-1
362	132	-1
362	133	-1
362	148	-1
362	149	-1
362	155	-1
363	79	-1
363	80	-1
363	81	1
363	82	1
363	83	-1
363	84	-1
363	85	1
363	86	1
363	87	-1
363	88	-1
363	89	1
363	90	1
363	95	-1
363	96	-1
363	97	1
363	98	1
363	99	-1
363	104	1
363	105	-1
363	106	-1
363	107	1
363	108	1
363	113	-1
363	114	-1
363	115	1
363	116	1
363	117	-1
363	122	1
363	127	-1
363	128	-1
363	129	1
363	130	1
363	131	-1
363	136	1
363	147	-1
363	152	1
364	79	-1
364	80	-1
364	81	1
364	83	-1
364	84	-1
364	85	1
364	87	-1
364	88	-1
364	89	1
364	95	-1
364	96	-1
364	97	1
364	99	-1
364	101	-1
364	103	-1
364	104	1
364	105	-1
364	106	-1
364	107	1
364	113	-1
364	114	-1
364	115	1
364	117	-1
364	119	-1
364	121	-1
364	122	1
364	127	-1
364	128	-1
364	129	1
364	131	-1
364	133	-1
364	135	-1
364	136	1
364	147	-1
364	149	-1
364	151	-1
364	152	1
364	154	-1
365	79	-1
365	80	-1
365	82	1
365	83	-1
365	84	-1
365	86	1
365	87	-1
365	88	-1
365	90	1
365	95	-1
365	96	-1
365	98	1
365	99	-1
365	100	-1
365	102	-1
365	104	1
365	105	-1
365	106	-1
365	108	1
365	113	-1
365	114	-1
365	116	1
365	117	-1
365	118	-1
365	120	-1
365	122	1
365	127	-1
365	128	-1
365	130	1
365	131	-1
365	132	-1
365	134	-1
365	136	1
365	147	-1
365	148	-1
365	150	-1
365	152	1
365	153	-1
366	79	-1
366	80	-1
366	83	-1
366	84	-1
366	87	-1
366	88	-1
366	95	-1
366	96	-1
366	99	-1
366	100	-1
366	101	-1
366	102	-1
366	103	-1
366	105	-1
366	106	-1
366	113	-1
366	114	-1
366	117	-1
366	118	-1
366	119	-1
366	120	-1
366	121	-1
366	127	-1
366	128	-1
366	131	-1
366	132	-1
366	133	-1
366	134	-1
366	135	-1
366	147	-1
366	148	-1
366	149	-1
366	150	-1
366	151	-1
366	153	-1
366	154	-1
366	155	-1
366	156	-1
367	80	1
367	81	1
367	84	1
367	85	1
367	88	1
367	89	1
367	92	1
367	93	1
367	102	1
367	106	1
367	107	1
367	110	1
367	111	1
367	120	1
367	124	1
367	125	1
367	134	1
367	144	1
368	80	1
368	81	1
368	82	-1
368	84	1
368	85	1
368	86	-1
368	88	1
368	89	1
368	90	-1
368	92	1
368	93	1
368	94	-1
368	102	1
368	106	1
368	107	1
368	108	-1
368	110	1
368	111	1
368	112	-1
368	120	1
368	124	1
368	125	1
368	126	-1
368	134	1
368	144	1
369	80	1
369	84	1
369	88	1
369	92	1
369	102	1
369	106	1
369	110	1
369	120	1
369	124	1
369	134	1
369	144	1
370	80	1
370	82	-1
370	84	1
370	86	-1
370	88	1
370	90	-1
370	92	1
370	94	-1
370	102	1
370	104	-1
370	106	1
370	108	-1
370	110	1
370	112	-1
370	120	1
370	122	-1
370	124	1
370	126	-1
370	134	1
370	136	-1
370	144	1
370	146	-1
371	81	1
371	85	1
371	89	1
371	93	1
371	102	1
371	107	1
371	111	1
371	120	1
371	125	1
371	134	1
371	144	1
372	81	1
372	82	-1
372	85	1
372	86	-1
372	89	1
372	90	-1
372	93	1
372	94	-1
372	102	1
372	103	-1
372	107	1
372	108	-1
372	111	1
372	112	-1
372	120	1
372	121	-1
372	125	1
372	126	-1
372	134	1
372	135	-1
372	144	1
372	145	-1
373	82	-1
373	86	-1
373	90	-1
373	94	-1
373	103	-1
373	104	-1
373	108	-1
373	112	-1
373	121	-1
373	122	-1
373	126	-1
373	135	-1
373	136	-1
373	145	-1
373	146	-1
373	156	-1
374	79	-1
374	80	1
374	81	1
374	83	-1
374	84	1
374	85	1
374	87	-1
374	88	1
374	89	1
374	91	-1
374	92	1
374	93	1
374	102	1
374	105	-1
374	106	1
374	107	1
374	109	-1
374	110	1
374	111	1
374	120	1
374	123	-1
374	124	1
374	125	1
374	134	1
374	144	1
375	79	-1
375	80	1
375	81	1
375	82	-1
375	83	-1
375	84	1
375	85	1
375	86	-1
375	87	-1
375	88	1
375	89	1
375	90	-1
375	91	-1
375	92	1
375	93	1
375	94	-1
375	101	-1
375	102	1
375	105	-1
375	106	1
375	107	1
375	108	-1
375	109	-1
375	110	1
375	111	1
375	112	-1
375	119	-1
375	120	1
375	123	-1
375	124	1
375	125	1
375	126	-1
375	133	-1
375	134	1
375	143	-1
375	144	1
376	79	-1
376	80	1
376	83	-1
376	84	1
376	87	-1
376	88	1
376	91	-1
376	92	1
376	100	-1
376	102	1
376	105	-1
376	106	1
376	109	-1
376	110	1
376	118	-1
376	120	1
376	123	-1
376	124	1
376	132	-1
376	134	1
376	142	-1
376	144	1
377	79	-1
377	80	1
377	82	-1
377	83	-1
377	84	1
377	86	-1
377	87	-1
377	88	1
377	90	-1
377	91	-1
377	92	1
377	94	-1
377	100	-1
377	101	-1
377	102	1
377	104	-1
377	105	-1
377	106	1
377	108	-1
377	109	-1
377	110	1
377	112	-1
377	118	-1
377	119	-1
377	120	1
377	122	-1
377	123	-1
377	124	1
377	126	-1
377	132	-1
377	133	-1
377	134	1
377	136	-1
377	142	-1
377	143	-1
377	144	1
377	146	-1
377	155	-1
378	79	-1
378	81	1
378	83	-1
378	85	1
378	87	-1
378	89	1
378	91	-1
378	93	1
378	99	-1
378	102	1
378	105	-1
378	107	1
378	109	-1
378	111	1
378	117	-1
378	120	1
378	123	-1
378	125	1
378	131	-1
378	134	1
378	141	-1
378	144	1
379	79	-1
379	81	1
379	82	-1
379	83	-1
379	85	1
379	86	-1
379	87	-1
379	89	1
379	90	-1
379	91	-1
379	93	1
379	94	-1
379	99	-1
379	101	-1
379	102	1
379	103	-1
379	105	-1
379	107	1
379	108	-1
379	109	-1
379	111	1
379	112	-1
379	117	-1
379	119	-1
379	120	1
379	121	-1
379	123	-1
379	125	1
379	126	-1
379	131	-1
379	133	-1
379	134	1
379	135	-1
379	141	-1
379	143	-1
379	144	1
379	145	-1
379	154	-1
380	79	-1
380	83	-1
380	87	-1
380	91	-1
380	99	-1
380	100	-1
380	105	-1
380	109	-1
380	117	-1
380	118	-1
380	123	-1
380	131	-1
380	132	-1
380	141	-1
380	142	-1
380	153	-1
381	79	-1
381	82	-1
381	83	-1
381	86	-1
381	87	-1
381	90	-1
381	91	-1
381	94	-1
381	99	-1
381	100	-1
381	101	-1
381	103	-1
381	104	-1
381	105	-1
381	108	-1
381	109	-1
381	112	-1
381	117	-1
381	118	-1
381	119	-1
381	121	-1
381	122	-1
381	123	-1
381	126	-1
381	131	-1
381	132	-1
381	133	-1
381	135	-1
381	136	-1
381	141	-1
381	142	-1
381	143	-1
381	145	-1
381	146	-1
381	153	-1
381	154	-1
381	155	-1
381	156	-1
382	79	1
382	82	1
382	83	1
382	86	1
382	87	1
382	90	1
382	91	1
382	94	1
382	95	1
382	98	1
382	101	1
382	105	1
382	108	1
382	109	1
382	112	1
382	113	1
382	116	1
382	119	1
382	123	1
382	126	1
382	127	1
382	130	1
382	133	1
382	137	1
382	140	1
382	143	1
382	149	1
383	79	1
383	83	1
383	87	1
383	91	1
383	95	1
383	101	1
383	105	1
383	109	1
383	113	1
383	119	1
383	123	1
383	127	1
383	133	1
383	137	1
383	143	1
383	149	1
384	79	1
384	81	-1
384	82	1
384	83	1
384	85	-1
384	86	1
384	87	1
384	89	-1
384	90	1
384	91	1
384	93	-1
384	94	1
384	95	1
384	97	-1
384	98	1
384	101	1
384	105	1
384	107	-1
384	108	1
384	109	1
384	111	-1
384	112	1
384	113	1
384	115	-1
384	116	1
384	119	1
384	123	1
384	125	-1
384	126	1
384	127	1
384	129	-1
384	130	1
384	133	1
384	137	1
384	139	-1
384	140	1
384	143	1
384	149	1
385	79	1
385	81	-1
385	83	1
385	85	-1
385	87	1
385	89	-1
385	91	1
385	93	-1
385	95	1
385	97	-1
385	101	1
385	104	-1
385	105	1
385	107	-1
385	109	1
385	111	-1
385	113	1
385	115	-1
385	119	1
385	122	-1
385	123	1
385	125	-1
385	127	1
385	129	-1
385	133	1
385	136	-1
385	137	1
385	139	-1
385	143	1
385	146	-1
385	149	1
385	152	-1
386	79	1
386	80	-1
386	82	1
386	83	1
386	84	-1
386	86	1
386	87	1
386	88	-1
386	90	1
386	91	1
386	92	-1
386	94	1
386	95	1
386	96	-1
386	98	1
386	101	1
386	105	1
386	106	-1
386	108	1
386	109	1
386	110	-1
386	112	1
386	113	1
386	114	-1
386	116	1
386	119	1
386	123	1
386	124	-1
386	126	1
386	127	1
386	128	-1
386	130	1
386	133	1
386	137	1
386	138	-1
386	140	1
386	143	1
386	149	1
387	79	1
387	80	-1
387	83	1
387	84	-1
387	87	1
387	88	-1
387	91	1
387	92	-1
387	95	1
387	96	-1
387	101	1
387	103	-1
387	105	1
387	106	-1
387	109	1
387	110	-1
387	113	1
387	114	-1
387	119	1
387	121	-1
387	123	1
387	124	-1
387	127	1
387	128	-1
387	133	1
387	135	-1
387	137	1
387	138	-1
387	143	1
387	145	-1
387	149	1
387	151	-1
388	79	1
388	80	-1
388	81	-1
388	82	1
388	83	1
388	84	-1
388	85	-1
388	86	1
388	87	1
388	88	-1
388	89	-1
388	90	1
388	91	1
388	92	-1
388	93	-1
388	94	1
388	95	1
388	96	-1
388	97	-1
388	98	1
388	101	1
388	102	-1
388	105	1
388	106	-1
388	107	-1
388	108	1
388	109	1
388	110	-1
388	111	-1
388	112	1
388	113	1
388	114	-1
388	115	-1
388	116	1
388	119	1
388	120	-1
388	123	1
388	124	-1
388	125	-1
388	126	1
388	127	1
388	128	-1
388	129	-1
388	130	1
388	133	1
388	134	-1
388	137	1
388	138	-1
388	139	-1
388	140	1
388	143	1
388	144	-1
388	149	1
388	150	-1
389	79	1
389	80	-1
389	81	-1
389	83	1
389	84	-1
389	85	-1
389	87	1
389	88	-1
389	89	-1
389	91	1
389	92	-1
389	93	-1
389	95	1
389	96	-1
389	97	-1
389	101	1
389	102	-1
389	103	-1
389	104	-1
389	105	1
389	106	-1
389	107	-1
389	109	1
389	110	-1
389	111	-1
389	113	1
389	114	-1
389	115	-1
389	119	1
389	120	-1
389	121	-1
389	122	-1
389	123	1
389	124	-1
389	125	-1
389	127	1
389	128	-1
389	129	-1
389	133	1
389	134	-1
389	135	-1
389	136	-1
389	137	1
389	138	-1
389	139	-1
389	143	1
389	144	-1
389	145	-1
389	146	-1
389	149	1
389	150	-1
389	151	-1
389	152	-1
389	156	-1
390	82	1
390	86	1
390	90	1
390	94	1
390	98	1
390	101	1
390	108	1
390	112	1
390	116	1
390	119	1
390	126	1
390	130	1
390	133	1
390	140	1
390	143	1
390	149	1
391	81	-1
391	82	1
391	85	-1
391	86	1
391	89	-1
391	90	1
391	93	-1
391	94	1
391	97	-1
391	98	1
391	100	-1
391	101	1
391	107	-1
391	108	1
391	111	-1
391	112	1
391	115	-1
391	116	1
391	118	-1
391	119	1
391	125	-1
391	126	1
391	129	-1
391	130	1
391	132	-1
391	133	1
391	139	-1
391	140	1
391	142	-1
391	143	1
391	148	-1
391	149	1
392	81	-1
392	85	-1
392	89	-1
392	93	-1
392	97	-1
392	100	-1
392	104	-1
392	107	-1
392	111	-1
392	115	-1
392	118	-1
392	122	-1
392	125	-1
392	129	-1
392	132	-1
392	136	-1
392	139	-1
392	142	-1
392	146	-1
392	148	-1
392	152	-1
392	155	-1
393	80	-1
393	82	1
393	84	-1
393	86	1
393	88	-1
393	90	1
393	92	-1
393	94	1
393	96	-1
393	98	1
393	99	-1
393	101	1
393	106	-1
393	108	1
393	110	-1
393	112	1
393	114	-1
393	116	1
393	117	-1
393	119	1
393	124	-1
393	126	1
393	128	-1
393	130	1
393	131	-1
393	133	1
393	138	-1
393	140	1
393	141	-1
393	143	1
393	147	-1
393	149	1
394	80	-1
394	84	-1
394	88	-1
394	92	-1
394	96	-1
394	99	-1
394	103	-1
394	106	-1
394	110	-1
394	114	-1
394	117	-1
394	121	-1
394	124	-1
394	128	-1
394	131	-1
394	135	-1
394	138	-1
394	141	-1
394	145	-1
394	147	-1
394	151	-1
394	154	-1
395	80	-1
395	81	-1
395	82	1
395	84	-1
395	85	-1
395	86	1
395	88	-1
395	89	-1
395	90	1
395	92	-1
395	93	-1
395	94	1
395	96	-1
395	97	-1
395	98	1
395	99	-1
395	100	-1
395	101	1
395	102	-1
395	106	-1
395	107	-1
395	108	1
395	110	-1
395	111	-1
395	112	1
395	114	-1
395	115	-1
395	116	1
395	117	-1
395	118	-1
395	119	1
395	120	-1
395	124	-1
395	125	-1
395	126	1
395	128	-1
395	129	-1
395	130	1
395	131	-1
395	132	-1
395	133	1
395	134	-1
395	138	-1
395	139	-1
395	140	1
395	141	-1
395	142	-1
395	143	1
395	144	-1
395	147	-1
395	148	-1
395	149	1
395	150	-1
395	153	-1
396	80	-1
396	81	-1
396	84	-1
396	85	-1
396	88	-1
396	89	-1
396	92	-1
396	93	-1
396	96	-1
396	97	-1
396	99	-1
396	100	-1
396	102	-1
396	103	-1
396	104	-1
396	106	-1
396	107	-1
396	110	-1
396	111	-1
396	114	-1
396	115	-1
396	117	-1
396	118	-1
396	120	-1
396	121	-1
396	122	-1
396	124	-1
396	125	-1
396	128	-1
396	129	-1
396	131	-1
396	132	-1
396	134	-1
396	135	-1
396	136	-1
396	138	-1
396	139	-1
396	141	-1
396	142	-1
396	144	-1
396	145	-1
396	146	-1
396	147	-1
396	148	-1
396	150	-1
396	151	-1
396	152	-1
396	153	-1
396	154	-1
396	155	-1
396	156	-1
