1	6.79481
2	5.04133
3	1.85611
4	4.35071
5	4.42798
6	4.02115
7	0.577413
8	0.551034
9	0.699847
10	1.40732
11	0.707217
12	3.23514
13	4.36862
14	4.0144
15	0.677487
16	0.697283
17	0.860861
18	1.52279
19	0.757554
20	3.24617
21	3.03564
22	4.35037
23	1.65202
24	1.30626
25	1.963
26	0.757328
29	0.0155357
37	1.92639
47	2.01633
61	0.0417411
79	6.79481
80	5.03124
81	1.78621
82	4.3396
83	-4.34669
84	-4.0108
85	-0.228286
86	0.343943
87	-0.309121
88	1.12026
89	-0.573462
90	-3.23008
91	-4.34443
92	-3.99407
93	-0.196417
94	0.108483
95	-0.504082
96	0.86998
97	-0.631536
98	-3.22582
99	3.02255
100	4.32038
101	-1.63042
102	-0.287087
103	1.90729
104	0.492529
107	0.0155357
115	-1.92639
125	-2.01633
139	0.0417411
145	-0.269545
151	-0.416086
153	0.0441863
154	0.0952008
