27	0.460909
28	0.457112
30	0.335082
31	0.5
32	0.47728
33	0.493444
34	0.264471
35	0.498885
36	0.5
37	1
38	0.413757
39	0.22826
40	0.5
41	0.493177
42	0.460164
43	0.0447204
44	0.483175
45	0.5
46	0.377293
47	1
48	0.5
49	0.5
50	0.431842
51	0.477866
52	0.49603
53	0.298319
54	0.389269
55	0.408222
56	0.400928
57	0.287382
58	0.437947
59	0.478801
60	0.33969
62	0.400278
63	0.150203
64	0.42177
65	0.486565
66	0.43788
67	0.539091
68	0.234436
69	0.0523206
70	0.495462
71	0.41962
72	0.417917
73	0.832173
74	0.475131
77	0.317603
78	0.235694
105	0.460909
106	0.457112
107	1
108	0.335082
109	0.5
110	0.47728
111	0.493444
112	0.264471
113	0.498885
114	0.5
116	0.413757
117	0.22826
118	0.5
119	0.493177
120	0.460164
121	0.0447204
122	0.483175
123	0.5
124	0.377293
126	0.5
127	0.5
128	0.431842
129	0.477866
130	0.49603
131	0.298319
132	0.389269
133	0.408222
134	0.400928
135	0.287382
136	0.437947
137	0.478801
138	0.33969
139	1
140	0.400278
141	0.150203
142	0.42177
143	0.486565
144	0.43788
146	0.234436
147	0.0523206
148	0.495462
149	0.41962
150	0.417917
152	0.475131
153	0.0883727
154	0.190402
155	0.317603
156	0.235694
203	1
247	1
292	1
338	1
